Casal2
Call: casal2 -e 
Date: Mon Sep 12 10:59:58 2022
Seed: 37198
Version: v22.09 (2022-09-08)
Copyright (c) 2017-2022, NIWA (www.niwa.co.nz)
Environment: User=marshc Machine=NIWA-1008960 OS=Windows_NT PID=23664


*estimate_value[summary]
values {dataframe}
catchability[CSacous].q catchability[WCacous].q catchability[CRsum].q catchability[SAsum].q catchability[SAaut].q observation[CRsumbio].process_error observation[SAsumbio].process_error parameter_transformation[log_sum_b0].log_total_parameter parameter_transformation[log_sum_b0].total_proportion_parameter process[recruit_E].recruitment_multipliers{1977} process[recruit_E].recruitment_multipliers{1978} process[recruit_E].recruitment_multipliers{1979} process[recruit_E].recruitment_multipliers{1980} process[recruit_E].recruitment_multipliers{1981} process[recruit_E].recruitment_multipliers{1982} process[recruit_E].recruitment_multipliers{1983} process[recruit_E].recruitment_multipliers{1984} process[recruit_E].recruitment_multipliers{1985} process[recruit_E].recruitment_multipliers{1986} process[recruit_E].recruitment_multipliers{1987} process[recruit_E].recruitment_multipliers{1988} process[recruit_E].recruitment_multipliers{1989} process[recruit_E].recruitment_multipliers{1990} process[recruit_E].recruitment_multipliers{1991} process[recruit_E].recruitment_multipliers{1992} process[recruit_E].recruitment_multipliers{1993} process[recruit_E].recruitment_multipliers{1994} process[recruit_E].recruitment_multipliers{1995} process[recruit_E].recruitment_multipliers{1996} process[recruit_E].recruitment_multipliers{1997} process[recruit_E].recruitment_multipliers{1998} process[recruit_E].recruitment_multipliers{1999} process[recruit_E].recruitment_multipliers{2000} process[recruit_E].recruitment_multipliers{2001} process[recruit_E].recruitment_multipliers{2002} process[recruit_E].recruitment_multipliers{2003} process[recruit_E].recruitment_multipliers{2004} process[recruit_E].recruitment_multipliers{2005} process[recruit_E].recruitment_multipliers{2006} process[recruit_E].recruitment_multipliers{2007} process[recruit_E].recruitment_multipliers{2008} process[recruit_E].recruitment_multipliers{2009} process[recruit_E].recruitment_multipliers{2010} process[recruit_E].recruitment_multipliers{2011} process[recruit_E].recruitment_multipliers{2012} process[recruit_E].recruitment_multipliers{2013} process[recruit_E].recruitment_multipliers{2014} process[recruit_E].recruitment_multipliers{2015} process[recruit_E].recruitment_multipliers{2016} process[recruit_W].recruitment_multipliers{1977} process[recruit_W].recruitment_multipliers{1978} process[recruit_W].recruitment_multipliers{1979} process[recruit_W].recruitment_multipliers{1980} process[recruit_W].recruitment_multipliers{1981} process[recruit_W].recruitment_multipliers{1982} process[recruit_W].recruitment_multipliers{1983} process[recruit_W].recruitment_multipliers{1984} process[recruit_W].recruitment_multipliers{1985} process[recruit_W].recruitment_multipliers{1986} process[recruit_W].recruitment_multipliers{1987} process[recruit_W].recruitment_multipliers{1988} process[recruit_W].recruitment_multipliers{1989} process[recruit_W].recruitment_multipliers{1990} process[recruit_W].recruitment_multipliers{1991} process[recruit_W].recruitment_multipliers{1992} process[recruit_W].recruitment_multipliers{1993} process[recruit_W].recruitment_multipliers{1994} process[recruit_W].recruitment_multipliers{1995} process[recruit_W].recruitment_multipliers{1996} process[recruit_W].recruitment_multipliers{1997} process[recruit_W].recruitment_multipliers{1998} process[recruit_W].recruitment_multipliers{1999} process[recruit_W].recruitment_multipliers{2000} process[recruit_W].recruitment_multipliers{2001} process[recruit_W].recruitment_multipliers{2002} process[recruit_W].recruitment_multipliers{2003} process[recruit_W].recruitment_multipliers{2004} process[recruit_W].recruitment_multipliers{2005} process[recruit_W].recruitment_multipliers{2006} process[recruit_W].recruitment_multipliers{2007} process[recruit_W].recruitment_multipliers{2008} process[recruit_W].recruitment_multipliers{2009} process[recruit_W].recruitment_multipliers{2010} process[recruit_W].recruitment_multipliers{2011} process[recruit_W].recruitment_multipliers{2012} process[recruit_W].recruitment_multipliers{2013} process[recruit_W].recruitment_multipliers{2014} process[recruit_W].recruitment_multipliers{2015} process[recruit_W].recruitment_multipliers{2016} selectivity[M_male].x0 selectivity[M_male].y0 selectivity[M_male].y1 selectivity[M_male].y2 selectivity[M_female].x0 selectivity[M_female].y0 selectivity[M_female].y1 selectivity[M_female].y2 selectivity[sel_Whome].v{1} selectivity[sel_Whome].v{2} selectivity[sel_Whome].v{3} selectivity[sel_Whome].v{4} selectivity[sel_Whome].v{5} selectivity[sel_Whome].v{6} selectivity[sel_Whome].v{7} selectivity[sel_Espmg_Male].v{1} selectivity[sel_Espmg_Male].v{2} selectivity[sel_Espmg_Male].v{3} selectivity[sel_Espmg_Male].v{4} selectivity[sel_Espmg_Male].v{5} selectivity[sel_Espmg_Male].v{6} selectivity[sel_Espmg_Male].v{7} selectivity[sel_Espmg_Male].v{8} selectivity[sel_Wspmg_Male].v{1} selectivity[sel_Wspmg_Male].v{2} selectivity[sel_Wspmg_Male].v{3} selectivity[sel_Wspmg_Male].v{4} selectivity[sel_Wspmg_Male].v{5} selectivity[sel_Wspmg_Male].v{6} selectivity[sel_Wspmg_Male].v{7} selectivity[sel_Wspmg_Male].v{8} selectivity[sel_Espmg_Female].v{1} selectivity[sel_Espmg_Female].v{2} selectivity[sel_Espmg_Female].v{3} selectivity[sel_Espmg_Female].v{4} selectivity[sel_Espmg_Female].v{5} selectivity[sel_Espmg_Female].v{6} selectivity[sel_Espmg_Female].v{7} selectivity[sel_Espmg_Female].v{8} selectivity[sel_Wspmg_Female].v{1} selectivity[sel_Wspmg_Female].v{2} selectivity[sel_Wspmg_Female].v{3} selectivity[sel_Wspmg_Female].v{4} selectivity[sel_Wspmg_Female].v{5} selectivity[sel_Wspmg_Female].v{6} selectivity[sel_Wspmg_Female].v{7} selectivity[sel_Wspmg_Female].v{8} selectivity[Enspsl].mu selectivity[Enspsl].sigma_l selectivity[Enspsl].sigma_r selectivity[Wnspsl].mu selectivity[Wnspsl].sigma_l selectivity[Wnspsl].sigma_r selectivity[Espsl].a50 selectivity[Espsl].ato95 time_varying[shifted_a50].a selectivity[CRsl].mu selectivity[CRsl].sigma_l selectivity[CRsl].sigma_r selectivity[SAsl].mu selectivity[SAsl].sigma_l selectivity[SAsl].sigma_r 
0.601981 0.530939 0.0786798 0.0852618 0.0743915 0.146333 0.374507 14.0858 0.344786 0.320217 0.474176 0.527847 0.950652 0.726477 0.262918 0.350456 0.225227 0.382296 0.44576 0.376616 0.209932 1.01494 0.970826 0.441743 0.133917 0.413003 0.422616 0.399757 0.621997 0.277796 0.300056 0.507857 0.308003 0.06 0.531176 0.165892 0.301525 0.528459 0.588612 0.528416 0.665399 0.56473 0.380096 0.720262 0.118382 0.88466 0.329823 0.356345 2.01873 0.426052 0.701071 0.620329 0.602636 0.457347 0.502537 0.588021 0.485162 0.919742 0.831123 0.32973 0.153707 1.52282 0.878143 0.083899 0.0774021 0.855942 1.2987 0.353801 1.01383 0.219913 0.201096 0.251216 0.187656 0.06 0.333849 0.086328 0.738013 0.447813 0.492343 0.501171 0.725362 0.590054 0.6797 0.45686 0.121529 1.16717 0.349744 0.317486 2.01878 7.06755 0.182128 1.43738 1.573 6.50606 0.0886297 1.72165 0.811468 0.135526 0.0518571 0.265408 0.366498 0.321474 0.719336 0.999999 0.00259978 0.131854 0.419135 0.651344 0.65688 0.740634 0.820718 0.564943 0.218056 0.671252 0.777409 0.801123 0.867646 0.7449 0.638398 0.541877 0.000389318 0.0648987 0.20371 0.373457 0.3726 0.472998 0.620086 0.6 0.121201 0.332146 0.234633 0.502693 0.545089 0.5447 0.700481 0.6 71.089 10.7581 44 67.5548 12.6406 27.0436 44.8002 4 -0.0914508 64 17.0624 38.307 84 44 44 
*end

*covariance_matrix[mpd_covariance]
covariance_matrix {matrix}
0.00213949 -5.62579e-05 2.19829e-05 1.19898e-05 9.85133e-06 -1.24023e-05 -7.48416e-05 -0.000144998 -6.51896e-05 1.51738e-05 8.681e-05 0.000107233 0.000118327 0.000114982 7.14276e-05 -4.45489e-05 -8.06464e-05 7.64842e-05 -9.90792e-06 8.87086e-05 -1.2537e-05 -5.63446e-05 0.000275351 -7.21005e-05 4.65341e-05 3.56366e-05 2.28649e-05 -1.44726e-05 9.06607e-06 -9.82712e-06 -2.9048e-05 -2.38693e-05 -1.33338e-05 1.37547e-13 -1.5026e-06 5.79731e-06 2.09907e-05 3.72902e-05 7.84025e-07 1.01649e-06 3.72181e-06 7.65366e-06 -4.94871e-05 7.21973e-07 4.3451e-05 -0.000103121 4.63898e-05 4.16602e-06 -8.46881e-05 0.000213926 0.000310533 0.000388298 0.000202256 -0.000688503 2.336e-05 0.000158606 -0.000629604 0.000187466 -0.000185773 -0.000157776 -0.000172289 -0.00033041 -0.000408969 -7.48708e-05 -4.95665e-05 -0.000184708 -0.000124363 3.82688e-05 -0.000189544 -3.81523e-05 -1.30982e-05 -6.82548e-05 -2.1501e-05 1.00351e-13 -7.71212e-05 2.65101e-06 -9.34456e-05 -4.38296e-05 3.83969e-06 -3.817e-05 -5.73109e-05 -4.71024e-05 -4.42892e-05 9.62602e-06 -5.68259e-05 6.2343e-05 9.23971e-05 2.25307e-05 -8.29986e-05 0.000945007 -1.77654e-05 -0.000349934 0.00125989 0.000290437 -1.74031e-05 -0.000282259 8.15832e-05 5.24224e-06 0.000128425 -6.05779e-06 -5.37699e-05 0.000500526 0.000102148 3.18433e-08 4.86624e-07 -1.2417e-06 -4.44391e-05 -6.37511e-05 -0.000138212 4.24927e-06 0.0001244 9.39906e-05 -0.000114058 -0.000232766 -0.000701439 3.72032e-05 -0.000216916 1.80615e-05 0.000181477 7.16485e-05 1.56008e-07 5.09475e-06 1.06748e-05 -1.3114e-05 -2.00569e-05 -5.51229e-05 2.24662e-05 1.20668e-09 -4.35739e-05 -8.09525e-05 1.39103e-05 -2.6132e-05 -5.84871e-06 -5.36367e-06 0.00020863 1.23028e-10 0.00584546 0.00262394 -1.48819e-07 0.0190454 0.0157256 -0.0193586 -0.000781406 1.16907e-07 5.99687e-05 7.96307e-10 0.00345207 0.0231088 -5.0365e-08 -9.40398e-08 -1.34845e-07 
-5.62579e-05 0.00356281 -2.91999e-06 0.000120099 0.000104111 -8.32772e-05 0.00022625 -0.000682084 0.000241344 0.000355995 0.000612563 0.000470969 0.000288172 0.000257638 0.000101348 0.000240104 0.000148479 -0.000214254 0.000151284 -0.0001924 8.33198e-05 -0.000155198 -0.000435513 4.24938e-06 -8.17425e-05 -0.000124191 -0.00014212 -0.000113503 -0.000186201 -7.07293e-05 -8.39786e-05 -0.000205432 -8.19414e-05 -6.80728e-13 -0.000135342 -3.56155e-05 -8.31326e-05 -0.000139388 -0.000127887 -0.000131847 -0.00022785 3.12693e-05 -0.000415499 -0.000619428 -9.03478e-05 -0.000407916 -0.000489901 0.00021658 0.000198417 0.00016326 0.00101506 0.00121287 0.000157845 -0.0014516 -0.00119303 0.00198248 -0.001089 -0.000183281 -0.000643668 -3.21065e-05 -3.07333e-05 0.000302627 0.000370835 9.39939e-05 9.31885e-05 0.000532908 0.000915233 0.000212004 0.000705276 0.000189132 0.000148458 0.000257573 0.000138483 3.31094e-12 0.000223567 2.4774e-05 0.000380526 0.000225231 0.000187208 0.000222576 0.000470063 0.000209514 0.000745206 0.000829476 0.000185001 0.00155514 0.000227458 0.000218467 0.000194451 -0.000276107 -3.44441e-05 8.68545e-06 -0.00149534 -0.00184407 3.90696e-05 5.03875e-05 -0.000680717 -8.75507e-05 -0.000351108 -0.000491927 -0.000476146 -0.000380991 6.40694e-05 -4.02064e-08 2.202e-06 4.99203e-05 0.000213521 0.000328629 0.000196338 0.000127779 2.57221e-05 -0.000839839 6.2124e-05 2.78337e-05 0.000828421 0.000394719 -3.00017e-05 -0.000750799 -0.000542069 -0.00107514 2.50692e-07 3.0818e-05 4.56854e-05 5.89943e-05 7.39043e-05 -0.000110311 -8.84205e-05 -9.93516e-10 0.000117591 0.000206987 7.61526e-05 -4.91109e-05 0.00014337 0.000266129 -0.000996838 8.1732e-11 0.00330215 0.00337948 1.41527e-07 -0.0101601 -0.00966322 -0.0192207 0.00279486 -6.87864e-08 -5.77659e-05 -1.75144e-09 0.00434861 -0.0209647 3.57004e-08 6.26739e-08 1.20204e-07 
2.19829e-05 -2.91999e-06 2.1174e-05 4.25201e-06 2.06731e-06 -6.23522e-06 -1.61175e-05 -2.18913e-05 -2.54868e-06 1.26784e-05 3.10481e-05 3.74238e-05 3.87206e-05 1.40047e-05 1.1434e-05 -6.67081e-06 -1.448e-05 8.77752e-06 -6.13667e-06 3.71392e-06 -3.5137e-06 -1.0651e-05 8.33539e-06 -6.37048e-06 1.54806e-06 -2.54714e-07 1.95275e-06 -6.21508e-08 6.24897e-06 7.52665e-07 -1.97079e-06 -2.31569e-06 -2.30379e-06 6.08256e-14 -8.9049e-06 -4.36392e-06 -3.75237e-06 -1.06323e-05 -1.37749e-05 -1.43997e-05 -1.22302e-05 -5.74281e-06 -1.29287e-06 -8.70786e-06 2.16363e-06 -2.11826e-05 -3.72215e-06 1.25973e-05 -1.26663e-06 1.80834e-05 4.21939e-05 4.48463e-05 1.77731e-05 -6.52817e-05 -1.05149e-05 7.51535e-05 -4.81069e-05 3.7688e-05 -2.59339e-06 -9.72135e-06 -3.58005e-06 -3.83278e-06 -3.79566e-05 -7.02827e-06 -5.27217e-06 -2.19996e-06 -6.4511e-06 2.45106e-06 -1.40921e-05 -4.6934e-06 -3.59051e-06 -5.74148e-06 -3.91518e-06 6.49153e-14 -1.03183e-05 1.9782e-06 -1.32002e-05 -4.59147e-06 -1.04872e-06 -5.96753e-07 -3.33464e-06 -4.50931e-06 -1.1697e-05 -1.15348e-05 -7.54259e-06 7.04002e-06 1.20393e-05 8.64598e-06 -2.4333e-06 -0.000302158 3.63663e-06 1.02056e-05 -0.000136544 -0.000144463 -8.50008e-06 4.45022e-05 4.50032e-05 1.15032e-06 3.36758e-06 1.48274e-05 2.91317e-05 -2.35486e-05 1.29548e-06 -3.66037e-09 8.09316e-08 5.07251e-06 1.22154e-05 1.70445e-05 2.91676e-06 -2.48974e-06 -1.84827e-05 1.89793e-05 1.01929e-05 2.74798e-05 -7.1712e-05 -6.31776e-05 5.27768e-05 8.18382e-05 5.52452e-05 1.85358e-05 1.95809e-08 3.26721e-06 1.01122e-05 7.74236e-06 1.36275e-06 -1.20308e-05 -6.60395e-06 -1.44223e-10 8.28452e-06 1.04289e-05 -5.56935e-07 -4.90401e-06 1.87428e-05 5.23862e-06 4.57354e-05 -7.02719e-12 0.000237869 0.000166508 1.76799e-08 -0.0027852 -0.00242806 0.00255489 2.3259e-05 -1.39696e-08 8.83701e-06 3.52157e-10 -0.000652582 -0.00262791 6.03171e-09 1.12555e-08 1.60733e-08 
1.19898e-05 0.000120099 4.25201e-06 6.45923e-05 2.90189e-05 -2.51567e-05 1.12228e-05 -0.000108984 3.67902e-05 5.67024e-05 0.000123053 0.00013496 0.000120393 3.09139e-05 1.76189e-05 7.65931e-06 -2.14592e-06 1.79046e-05 -1.01454e-06 7.08684e-07 -2.57385e-06 -2.0416e-05 -2.93437e-05 -1.06397e-05 -7.15728e-06 -6.62963e-06 -2.23968e-05 -1.58606e-05 -2.20558e-05 -8.66833e-06 -7.73153e-06 -8.76429e-06 -4.66878e-06 1.62073e-13 -1.76035e-05 -1.00187e-05 -1.85142e-05 -3.76989e-05 -3.98456e-05 -4.77011e-05 -5.50332e-05 -4.7934e-05 -2.79905e-05 -6.26704e-05 -1.11543e-05 -0.00013069 -5.10793e-05 5.25643e-05 3.19558e-05 2.85434e-05 0.000125391 0.000151035 3.10334e-05 -0.000166971 -0.000106727 0.000402187 -0.000171234 0.000116229 -0.000124966 -9.99292e-06 -6.99669e-06 -4.8273e-05 6.84302e-05 -1.67915e-06 2.1606e-06 1.80341e-05 9.80489e-05 8.46388e-06 4.93683e-05 1.21789e-05 1.16152e-05 1.79111e-05 2.77976e-06 -1.1641e-13 4.97353e-06 2.1471e-06 1.76259e-05 1.84396e-05 2.33771e-05 3.56646e-05 4.34657e-05 3.96314e-05 3.38722e-05 1.1795e-05 2.5425e-06 0.000122167 5.21338e-05 4.33513e-05 3.02379e-05 -0.000411201 4.1941e-06 3.56619e-05 -0.000287623 -0.000393848 2.39517e-06 6.50764e-05 -2.71471e-05 -1.66253e-05 -4.44921e-05 -0.000115954 3.9795e-05 -0.000143732 -4.16894e-05 -7.42294e-09 2.83489e-07 1.41977e-05 3.39266e-05 4.93869e-05 2.58798e-05 2.06122e-06 -2.72214e-05 -7.6695e-05 2.18672e-05 5.95205e-05 0.000299672 4.69518e-05 2.84951e-05 -7.49086e-05 -0.000117823 -9.95607e-05 6.10733e-08 7.43327e-06 2.09518e-05 2.39325e-05 1.40518e-05 -3.03863e-05 -1.65921e-05 -2.94233e-10 1.58379e-05 3.85899e-05 1.62586e-05 -5.6513e-06 5.34713e-05 6.20271e-05 -7.16711e-05 -4.53674e-11 0.00107651 0.000747103 3.57395e-08 -0.00482437 -0.00417997 -0.000705974 0.000251539 -2.94634e-08 5.06262e-06 -7.32427e-10 0.000530549 -0.0053543 1.24669e-08 2.34277e-08 3.26055e-08 
9.85133e-06 0.000104111 2.06731e-06 2.90189e-05 4.82935e-05 -8.66989e-06 1.01209e-05 -8.32729e-05 1.98519e-05 4.46135e-05 8.27151e-05 6.66613e-05 3.08113e-05 8.45675e-06 2.2386e-06 3.05454e-05 3.68426e-05 8.25047e-06 1.47876e-05 1.38021e-05 2.84059e-06 1.71894e-05 1.19024e-05 8.73882e-06 -7.99456e-07 2.71906e-06 9.32047e-07 -2.2793e-06 9.12272e-09 2.56914e-07 -2.29162e-07 -2.98604e-06 3.82298e-06 3.32989e-14 -5.3304e-06 -7.62503e-07 -1.09248e-05 -1.802e-05 -2.31287e-05 -2.89735e-05 -3.96393e-05 -4.71148e-05 -4.53731e-05 -6.4705e-05 -1.72891e-05 -0.000166142 -4.85207e-05 2.93645e-05 1.41288e-05 4.28582e-05 0.000149477 0.000183891 6.06816e-05 -0.000195505 -9.2212e-05 0.000259389 -0.000279994 7.15918e-05 -0.000156392 2.58483e-05 -6.71461e-06 -3.60673e-05 9.8525e-06 3.59632e-06 4.62387e-06 1.72655e-05 3.74124e-05 6.76405e-06 2.64238e-05 8.98053e-06 7.98915e-06 1.5206e-05 -4.47108e-07 -4.14745e-13 7.34131e-06 -7.9712e-06 2.02208e-05 1.78713e-05 2.72654e-05 3.59688e-05 5.44781e-05 5.69556e-05 6.36836e-05 4.72355e-05 1.76911e-05 0.000237925 4.36819e-05 2.93125e-05 1.42263e-05 -0.000299498 2.83129e-06 3.42457e-05 -0.000266392 -0.000306465 4.23658e-06 4.5991e-05 -4.75811e-05 -1.4542e-05 -3.95056e-05 -0.00010743 1.27644e-05 -9.54637e-05 -1.53978e-05 -7.13962e-09 2.77995e-07 1.15218e-05 3.26198e-05 4.06545e-05 1.40449e-05 9.19539e-06 -1.36004e-05 -7.52144e-05 1.54767e-05 4.51253e-05 0.000173113 3.42108e-05 2.60941e-05 -6.50465e-05 -8.05331e-05 -0.00010348 3.756e-08 6.00532e-06 8.56669e-06 2.09288e-05 1.79719e-05 -1.24828e-05 -3.17051e-06 -2.43555e-10 1.82697e-05 4.6837e-05 2.62774e-05 -1.4007e-05 2.9415e-05 4.17916e-05 -8.3654e-05 -1.90611e-11 0.000838306 0.000602241 3.0977e-08 -0.0034964 -0.00345622 -4.4862e-05 0.000364617 -2.22939e-08 -3.56873e-06 -3.86063e-10 0.000410329 -0.00472256 9.88703e-09 1.82755e-08 2.76674e-08 
-1.24023e-05 -8.32772e-05 -6.23522e-06 -2.51567e-05 -8.66989e-06 0.000172535 1.11242e-05 4.55415e-05 -3.37308e-05 -1.65839e-06 -7.64967e-05 -0.000176772 -0.000234052 1.72654e-05 1.97953e-05 5.96526e-06 2.51692e-05 8.89196e-06 2.48782e-05 1.52276e-05 1.85213e-05 8.51546e-05 4.74688e-05 5.04621e-05 9.30308e-06 1.63081e-05 3.89854e-05 3.39263e-05 3.574e-05 2.0339e-05 2.42916e-05 2.88991e-05 2.58782e-05 1.73558e-13 3.32341e-05 1.53211e-05 1.5226e-05 3.64225e-05 4.22914e-05 4.65338e-05 3.60922e-05 1.4537e-05 -7.50484e-05 1.48088e-06 5.25719e-06 -6.98279e-05 5.59742e-05 -6.3363e-05 -4.3284e-05 2.72488e-05 4.38978e-05 5.13796e-05 5.12233e-05 -1.0388e-05 -1.24276e-06 -0.000232805 4.03967e-05 -0.00010358 -0.000102097 -2.53986e-05 -4.26148e-05 -2.75676e-05 -1.34788e-06 -2.15981e-05 -1.29533e-05 -4.27297e-06 -0.000109892 -2.31351e-05 -1.06756e-05 -4.56652e-06 -3.6017e-06 1.13658e-05 -3.90733e-06 -1.93852e-13 1.54245e-05 -4.0621e-06 1.21514e-05 1.26579e-05 1.57342e-05 1.07841e-05 3.54964e-05 4.12435e-05 0.000127615 8.37883e-05 1.1661e-05 0.000245342 6.89082e-05 -3.70939e-05 -4.3663e-05 -2.10915e-05 5.61751e-06 9.17108e-05 -0.000231477 0.000311504 3.87655e-06 3.36181e-05 -0.000108912 2.03143e-05 -1.10068e-05 -3.71276e-05 -1.66335e-05 -2.64763e-05 2.07143e-05 -6.46893e-09 9.00504e-09 -6.56361e-06 -1.50689e-05 1.02036e-05 -5.40348e-06 1.42248e-05 1.56352e-06 7.82254e-06 7.86873e-06 4.56064e-05 -4.57212e-05 -1.26764e-05 4.02811e-05 -3.96499e-06 5.91776e-06 -4.03796e-05 -8.26934e-08 -5.28623e-06 -1.44795e-05 1.59146e-06 7.73071e-06 4.5476e-05 2.95041e-05 -1.76311e-10 1.85455e-05 7.23527e-05 6.65369e-05 -3.67803e-05 -7.60522e-05 -5.18066e-05 -8.28762e-05 1.57756e-11 -0.00160451 -0.000947368 2.42823e-08 -0.00110887 -0.00378481 0.00710867 0.000993841 -1.32719e-08 -7.32013e-06 3.15671e-10 -0.0010013 -0.00415736 6.57228e-09 1.17085e-08 2.09377e-08 
-7.48416e-05 0.00022625 -1.61175e-05 1.12228e-05 1.01209e-05 1.11242e-05 0.000575842 -0.000106534 5.93361e-05 0.000113178 0.000133035 7.37891e-05 -8.05317e-05 -3.66533e-05 1.66779e-05 3.00634e-05 4.4966e-05 -3.3402e-05 6.67234e-06 -4.13549e-05 8.94169e-06 3.37522e-05 -0.000147903 -7.86061e-08 -2.69878e-05 -2.72784e-05 -3.68155e-05 -5.03052e-05 -9.41723e-05 -4.61274e-05 -3.25633e-05 -3.23679e-05 -1.42613e-05 1.26122e-13 -5.56905e-05 -1.39165e-05 -1.62867e-05 -4.5442e-05 -2.62237e-05 -2.80253e-05 -3.44253e-05 -4.23027e-05 -3.35931e-05 -0.00012715 -2.42572e-05 -5.00571e-05 -0.000112776 1.42507e-05 -7.89439e-05 6.05548e-05 -0.000130867 -0.00034058 -0.000274079 0.000284923 -0.000590055 0.000690144 0.000340158 -0.000248316 -0.000102783 5.35771e-05 5.28877e-06 0.000105792 0.000112416 1.71391e-05 2.80524e-05 9.19247e-05 0.000188389 5.31589e-05 0.000300396 9.25943e-05 5.77898e-05 3.97864e-05 1.3005e-05 -1.90369e-13 1.53641e-05 -1.28455e-05 4.4391e-05 1.2962e-05 8.09868e-07 4.00502e-05 9.20441e-05 8.05364e-05 0.000126527 0.000107848 3.14468e-05 0.000143122 0.000135788 1.49282e-05 -7.85322e-05 0.00160085 -3.06735e-05 -5.18437e-05 0.000150552 0.000381753 3.50852e-05 -0.000127402 -0.000332337 6.79518e-05 -0.000171681 0.000343508 -0.000462763 0.000251119 0.000197565 3.6068e-09 -1.44236e-07 -2.81186e-05 -7.03674e-05 -2.45123e-05 8.20841e-05 0.000103914 0.000112754 -0.000193181 -1.57476e-05 -0.000277366 -0.000294791 0.000174179 -0.000110932 -0.000205796 4.28901e-05 -0.00024781 -1.20647e-07 -1.54348e-05 -4.54884e-05 -2.31871e-05 9.42921e-06 -8.81617e-06 6.26045e-06 4.64683e-10 -1.43603e-05 -0.000192821 -5.36033e-05 1.80772e-05 -8.06241e-05 0.000310051 -0.000432543 1.96176e-10 0.00295058 0.000900363 -4.52726e-08 0.0153283 0.0179311 0.0262382 0.00153699 6.29958e-08 2.47905e-05 1.36277e-09 -0.000888759 0.00623619 -2.31213e-08 -4.58057e-08 -4.60785e-08 
-0.000144998 -0.000682084 -2.18913e-05 -0.000108984 -8.32729e-05 4.55415e-05 -0.000106534 0.000920263 -0.00016691 -0.000125413 -0.000221122 -0.000145281 7.36267e-05 0.000107157 5.37611e-06 -3.94637e-05 -6.94291e-05 4.71884e-05 6.82111e-06 2.27002e-05 -1.04363e-05 3.9533e-05 5.48752e-05 -3.65038e-05 3.01265e-06 -3.51294e-05 -2.47367e-05 -3.8327e-05 -9.61819e-05 -2.81984e-05 -1.48623e-06 9.07231e-06 -6.67783e-06 3.90095e-13 5.59157e-05 1.32941e-05 5.40568e-05 0.000112889 0.000148051 0.00015489 0.000170894 0.000182368 0.000162134 0.00035542 6.40102e-05 0.000452623 0.000183062 -0.000139125 -0.000196344 0.000122334 -0.000301131 -0.000452478 5.80803e-05 0.000569105 0.000598066 -0.00102677 6.88236e-05 -0.000266141 -0.000446957 -2.76916e-05 7.86095e-05 -0.000572417 -0.000395142 -2.94052e-05 -4.51691e-05 -0.000365706 -0.000767446 -0.000203037 -0.00053901 -0.000135009 -0.000119847 -0.000151406 -9.45544e-05 8.03107e-13 -0.000138884 -1.08418e-06 -0.000246868 -0.000135011 -0.000137284 -0.000134111 -0.000182457 -0.000172124 -0.000189094 -0.000158225 -5.23452e-05 -0.000349086 -0.000160138 -0.000119972 -0.000193702 -0.00145408 5.98628e-05 0.000255277 -0.0002817 0.00078634 -4.63155e-05 0.000319889 0.000383027 7.40922e-05 0.000158768 0.000327175 0.000574505 -2.79117e-05 -4.72005e-05 -7.96922e-09 -4.39689e-07 -5.91213e-06 -3.26711e-05 -0.00012681 -0.000121893 -5.62131e-05 -0.000109076 0.000535542 5.11724e-05 0.000207445 -0.00048658 -0.000418496 0.000341602 0.000709531 0.000432854 0.000708344 -1.57771e-08 -1.34246e-07 1.50406e-05 -1.789e-05 -1.92217e-05 7.73317e-05 9.65129e-05 -5.60987e-10 1.77066e-06 1.68188e-05 -1.80914e-05 -9.93875e-07 -9.57681e-06 -2.59549e-05 0.000651244 -1.08951e-10 -0.000339403 -0.00145084 6.02137e-08 -0.0119973 -0.00707846 0.040367 -0.000850741 -6.67465e-08 -5.40713e-05 2.12598e-09 -0.00380256 -0.0103753 2.60666e-08 5.04367e-08 5.83825e-08 
-6.51896e-05 0.000241344 -2.54868e-06 3.67902e-05 1.98519e-05 -3.37308e-05 5.93361e-05 -0.00016691 0.000118687 8.09396e-05 0.00014816 0.000156338 0.000128861 1.5848e-05 2.38936e-05 -7.26392e-06 -1.74885e-05 -1.2673e-05 -2.9137e-05 -3.63544e-05 -1.55412e-05 -0.000113955 -0.000142302 -4.88775e-05 -2.27499e-05 -5.27539e-05 -6.83013e-05 -6.70307e-05 -9.84469e-05 -4.93443e-05 -5.36703e-05 -8.33293e-05 -4.18749e-05 -3.42373e-14 -6.6375e-05 -1.87296e-05 -1.6014e-05 -4.58472e-05 -4.21914e-05 -4.93808e-05 -2.94415e-05 -2.20005e-05 7.12587e-06 -3.27112e-05 -1.28271e-05 5.23067e-05 -8.42782e-05 7.3702e-05 8.94884e-05 -8.41339e-05 1.7855e-06 -6.46361e-06 -0.000133166 -3.68845e-05 -0.000300897 0.000453056 0.000246212 1.3519e-06 0.000315418 5.70205e-05 5.52545e-05 0.000301709 0.00019487 1.74432e-05 2.18788e-05 0.000163927 0.000288295 7.00353e-05 0.000196961 4.40555e-05 3.45722e-05 4.73235e-05 3.09097e-05 1.39389e-13 4.68621e-05 1.44705e-05 0.000110591 5.98372e-05 4.33789e-05 6.1763e-05 6.09167e-05 5.61299e-05 5.94095e-05 1.88366e-06 1.31786e-05 -3.26253e-05 4.35675e-05 5.08759e-05 9.03814e-05 -9.77001e-05 -8.49118e-06 2.39231e-05 -0.000358604 -0.000442603 9.58613e-06 3.80167e-05 -8.75836e-05 -6.87095e-06 -8.40162e-05 -4.39109e-05 -0.000119549 -0.000164717 -2.33673e-05 -8.73243e-09 5.2554e-07 1.30147e-05 3.126e-05 8.06641e-05 9.21364e-05 1.19021e-05 -2.39115e-05 -0.000163916 2.8208e-05 1.96676e-05 0.000344364 7.03615e-05 2.58174e-06 -0.000142985 -0.000142354 -0.000204717 7.71589e-08 5.56338e-06 1.67767e-05 1.70364e-05 7.9002e-06 -3.86898e-05 -5.2953e-05 -2.85919e-10 1.41007e-05 2.00424e-06 -1.67487e-05 1.41766e-05 4.25183e-05 5.25067e-05 -0.00019906 -1.99322e-11 -0.0007435 -4.82062e-05 3.68407e-08 -0.00424426 -0.00350162 -0.00335112 0.000541604 -2.54971e-08 3.16364e-05 -7.01026e-10 0.00063172 -0.00526921 1.14631e-08 2.10927e-08 3.27098e-08 
1.51738e-05 0.000355995 1.26784e-05 5.67024e-05 4.46135e-05 -1.65839e-06 0.000113178 -0.000125413 8.09396e-05 0.00206774 0.000321597 0.000200772 2.10509e-06 5.85807e-05 0.000103304 -1.85057e-05 -3.0215e-05 1.33845e-05 -2.95468e-05 -1.4402e-05 -1.18219e-05 -0.000100391 -8.53082e-05 -3.77187e-05 -1.11579e-05 -4.27347e-05 -3.58653e-05 -4.59199e-05 -4.9492e-05 -2.35033e-05 -2.08909e-05 -3.41831e-05 -1.15749e-05 5.73254e-13 -4.78948e-05 -2.12193e-05 -3.87784e-05 -8.47523e-05 -8.26287e-05 -9.16133e-05 -8.09423e-05 -7.16789e-05 -0.000122235 -0.000155037 -1.48981e-05 -0.000216808 -0.000125783 9.39392e-05 3.61064e-05 9.24831e-05 0.000375395 0.000365284 -6.28734e-05 -0.000645127 -0.000743167 0.000999186 1.48492e-05 -7.6252e-05 0.000110249 -5.32417e-05 2.99427e-05 0.000246932 0.000141864 -2.65276e-05 1.01862e-06 0.000198202 0.000272932 0.000104099 0.00025891 6.06993e-05 5.30549e-05 8.05184e-05 3.23409e-05 2.11303e-14 6.92127e-05 1.55046e-05 0.000131533 9.38041e-05 0.000100337 0.000130812 0.00016813 0.000155504 0.000252812 0.000130629 2.08002e-05 0.000477225 0.00027183 8.89391e-05 3.57012e-05 -0.00110419 1.00313e-05 0.000189034 -0.0013135 -0.0008008 2.01281e-06 0.00024606 -0.00017373 2.90406e-05 -0.000157375 -3.33764e-05 -0.000148644 -0.000283241 5.05607e-05 -3.49343e-08 1.05233e-06 2.86258e-05 6.98266e-05 0.000211331 0.000129007 5.61379e-05 -7.06604e-05 -0.000220283 7.90509e-05 0.00013179 4.85027e-05 -0.000109987 0.000237814 5.18746e-05 2.66009e-05 -0.000369269 1.13773e-07 1.45235e-05 3.89977e-05 5.83251e-05 3.4669e-05 -7.09402e-05 -5.94147e-05 -1.09835e-09 8.37249e-05 0.000123843 6.19729e-05 -6.33723e-05 4.24104e-05 0.000130135 -0.000307114 1.58055e-11 0.000566107 0.000610065 1.44001e-07 -0.0148987 -0.0152172 0.0182743 0.00228089 -9.32382e-08 2.03313e-05 1.09942e-09 -0.00035003 -0.0218997 4.31441e-08 7.86144e-08 1.26912e-07 
8.681e-05 0.000612563 3.10481e-05 0.000123053 8.27151e-05 -7.64967e-05 0.000133035 -0.000221122 0.00014816 0.000321597 0.00351076 0.000565945 0.000371292 0.000154545 0.000176022 -6.23121e-05 -0.000126956 5.509e-05 -8.22671e-05 -8.31661e-06 -4.85574e-05 -0.00027641 -0.00010746 -0.000130869 -1.35581e-05 -7.27171e-05 -8.91384e-05 -9.90727e-05 -0.0001004 -4.84983e-05 -5.47202e-05 -7.55598e-05 -4.30254e-05 9.14334e-13 -9.91013e-05 -5.15656e-05 -7.54259e-05 -0.000167575 -0.000178746 -0.000198464 -0.000174176 -0.000128938 -0.000146447 -0.000222246 -9.86154e-06 -0.0002965 -0.000224716 0.000213825 5.84288e-05 0.000172231 0.000547866 0.000533023 -0.000107225 -0.00107899 -0.00109753 0.001729 -0.000377565 0.000113387 0.000178448 -0.00019199 9.90125e-05 0.000263848 0.000120545 -4.62315e-05 -2.13216e-06 0.000221792 0.000443618 0.000168822 0.000335887 7.82872e-05 7.68567e-05 8.90801e-05 4.04618e-05 5.40311e-13 5.56387e-05 3.62562e-05 0.000129889 0.000104828 0.000122121 0.000167004 0.000179788 0.000164983 0.000245697 8.25283e-05 -9.08113e-06 0.000443062 0.000373123 0.00018034 5.90704e-05 -0.0018079 1.76697e-05 0.000155391 -0.00155307 -0.00149821 -9.39709e-06 0.000349339 -0.000106895 1.87967e-05 -0.000201383 -0.000108917 -7.50312e-05 -0.000405193 1.17759e-05 -4.11337e-08 1.59076e-06 5.03046e-05 0.000111873 0.000283714 0.000156211 5.57651e-05 -0.000109981 -0.000276806 0.000102338 0.00017376 0.000269002 -0.00010756 0.000295035 7.08285e-05 -2.31704e-05 -0.00044049 2.93671e-07 2.97944e-05 8.96095e-05 8.68872e-05 3.80255e-05 -0.000172123 -0.000103982 -1.38736e-09 9.68356e-05 0.000118053 5.31435e-05 -6.32886e-05 0.000170337 0.000291576 -0.000282235 -3.69273e-11 0.00460507 0.0029424 1.77699e-07 -0.0203519 -0.0183206 0.0203184 0.00216692 -1.24093e-07 4.45232e-05 6.51334e-10 0.000848589 -0.0266597 5.57996e-08 1.0267e-07 1.58264e-07 
0.000107233 0.000470969 3.74238e-05 0.00013496 6.66613e-05 -0.000176772 7.37891e-05 -0.000145281 0.000156338 0.000200772 0.000565945 0.00413807 0.00105827 0.000308681 0.000170496 -0.000123185 -0.000277046 0.000109291 -0.000161056 -3.36139e-06 -0.00011095 -0.000514646 -0.0001221 -0.000265245 -1.43782e-05 -0.000113949 -0.000161448 -0.000156382 -0.00017161 -7.5987e-05 -9.2346e-05 -0.000117562 -9.67591e-05 7.19576e-13 -0.000146085 -8.18234e-05 -9.63802e-05 -0.000217547 -0.000253423 -0.00026274 -0.000242557 -0.000156945 -9.59129e-05 -0.000160174 2.33638e-05 -0.000216401 -0.000150219 0.000310801 0.000141388 -0.000112127 -0.000123919 -0.000197305 -0.000213337 0.000253234 -0.000351526 0.00131279 -0.000987454 0.000773887 6.78036e-05 -0.000214198 0.000164852 0.000339915 2.066e-05 -4.25068e-05 -5.856e-06 0.000127531 0.000452259 0.000183911 0.000267554 5.17686e-05 6.39921e-05 3.18046e-05 3.60753e-05 1.57403e-12 -1.74562e-06 6.54727e-05 4.56242e-05 5.26451e-05 7.01139e-05 0.000109203 5.32652e-05 5.6091e-05 5.47334e-05 -0.00010964 -8.49904e-05 -3.54952e-05 0.000133256 0.000177013 0.000144365 -0.00114735 1.11211e-05 -0.000144815 -0.000493023 -0.00186954 -2.56861e-05 0.000285372 0.00031327 1.44392e-05 -0.000134445 -2.5184e-05 -7.23146e-06 -0.000329675 -9.92148e-05 -1.09974e-08 1.2316e-06 4.70981e-05 9.99285e-05 8.84994e-05 0.000155308 -2.56819e-05 -0.000121344 -0.000120342 8.31755e-05 6.43827e-05 0.000582632 -4.79401e-05 0.000121582 9.93508e-05 -7.86519e-05 -8.32591e-05 4.27634e-07 3.90011e-05 0.000137453 6.85272e-05 -5.92722e-06 -0.000208803 -0.00014152 -6.06218e-10 -1.19774e-05 -0.000173792 -6.10368e-05 0.000101398 0.000320206 0.000393961 6.84331e-05 -1.35302e-10 0.00516856 0.00341253 6.80172e-08 -0.012217 -0.00600839 0.0091096 -0.000111592 -6.85109e-08 5.73982e-05 -9.3567e-10 0.00275661 -0.00899997 2.73448e-08 5.25053e-08 6.44793e-08 
0.000118327 0.000288172 3.87206e-05 0.000120393 3.08113e-05 -0.000234052 -8.05317e-05 7.36267e-05 0.000128861 2.10509e-06 0.000371292 0.00105827 0.00769535 0.000744531 0.000221538 -0.00024922 -0.000505484 0.000217899 -0.000226583 -3.26481e-05 -0.000152364 -0.000680656 -0.000223654 -0.000322808 -2.53687e-05 -0.000156092 -0.000212321 -0.000155304 -0.000212782 -7.06288e-05 -9.36249e-05 -0.000123876 -0.00012465 1.31711e-13 -0.000138152 -0.000106754 -9.57061e-05 -0.000225156 -0.000274471 -0.000269692 -0.000308938 -0.000119391 -0.000195363 -1.97846e-05 8.45909e-05 -0.000143021 4.10926e-06 0.000336305 0.000212974 -0.000427329 -0.000874439 -0.000945047 -0.000168879 0.00188351 0.00084905 0.000362483 -0.00182163 0.00116198 -0.000610828 0.000237425 5.12035e-05 0.000248509 -3.65637e-05 -6.89559e-05 -4.84546e-05 -1.27306e-07 0.000276695 5.36502e-05 0.000106941 -1.25548e-05 2.01893e-05 -2.66615e-05 1.44693e-05 3.79244e-12 -7.21726e-05 0.000125975 -8.59183e-05 -7.89227e-06 -4.89105e-06 1.91503e-05 -6.23913e-05 -0.000100455 1.45794e-05 -0.000276621 -0.000182847 -0.000444919 -0.000192376 0.000120456 0.000217794 -0.00099688 2.39648e-05 -0.000331414 0.000407632 -0.00191172 -5.1062e-05 0.000327513 0.000715445 -1.61719e-05 -3.35772e-05 -0.00017192 0.000336009 -0.000469728 -0.00034106 1.52944e-08 6.15837e-07 4.18083e-05 8.03399e-05 -0.000151313 0.000106399 -0.000148447 -0.000180289 0.000132897 8.62663e-05 0.000124654 0.00143968 7.66486e-05 -2.55645e-05 6.05422e-05 -0.000337758 0.000398593 4.93337e-07 4.66318e-05 0.000212043 3.42476e-05 -6.33556e-05 -0.000188281 -0.000134356 -1.3545e-10 -0.000118179 -0.000354737 -0.000108798 0.00025834 0.000444658 0.000406147 0.0004897 -3.63346e-10 0.00341505 0.00268 -9.66153e-09 -0.0104287 -0.000931233 -0.00319914 -0.0025167 -5.27594e-08 4.80846e-05 -4.24474e-09 0.00395187 0.00327889 1.38385e-08 3.16962e-08 2.30986e-09 
0.000114982 0.000257638 1.40047e-05 3.09139e-05 8.45675e-06 1.72654e-05 -3.66533e-05 0.000107157 1.5848e-05 5.85807e-05 0.000154545 0.000308681 0.000744531 0.0054069 0.000327781 -0.000265637 -0.000404572 0.000232241 -0.000109068 -3.17436e-05 -4.63482e-05 -0.000253234 -0.000160563 -5.58343e-05 -6.41583e-06 -8.73583e-05 -4.69211e-05 3.20337e-06 -5.87211e-05 1.24173e-05 1.87394e-06 -1.73993e-05 -1.37931e-05 1.69126e-13 1.92942e-07 -4.45371e-05 -2.49719e-05 -6.45199e-05 -8.01523e-05 -6.58253e-05 -0.000164665 -6.68784e-07 -0.000523262 -2.11254e-05 9.9265e-05 -0.000340044 9.35076e-05 6.12084e-05 2.04414e-05 -7.36283e-05 -0.000118049 -6.20117e-05 0.000157123 0.000587064 0.000388329 1.41964e-05 -0.00132784 -3.74922e-05 -0.00115026 0.000718086 -0.000304513 3.29886e-05 1.26293e-05 -0.000150766 -0.000109533 6.95331e-05 -4.59475e-05 -9.5183e-05 8.43541e-05 -1.52262e-05 1.50188e-05 3.76636e-05 2.92341e-06 3.46639e-12 -5.5246e-06 0.000119076 -1.88344e-05 5.78119e-05 7.17405e-05 6.51031e-05 0.000158145 5.53225e-05 0.000585117 0.000130771 -0.0001173 0.00056557 0.000123427 1.44875e-05 2.26092e-05 -0.000542646 1.87334e-05 -8.6534e-05 -0.00016795 -0.000337833 -3.3159e-05 0.000224268 2.54274e-05 2.78085e-05 -4.48955e-05 -0.000340752 0.000143343 -0.000292502 -0.000143278 -3.1228e-09 7.61084e-07 1.76855e-05 -4.50857e-08 -2.75034e-05 1.9514e-05 -4.31182e-05 -6.836e-05 2.80311e-05 4.35797e-05 0.000158369 0.000794295 0.000115908 7.52993e-06 -0.000113942 -0.000272924 1.49294e-06 1.70459e-07 2.13468e-05 0.000142868 9.88648e-06 -3.78897e-05 -4.50876e-05 -1.26128e-05 -3.35291e-10 -1.66866e-05 1.6546e-05 0.000139617 3.02537e-05 7.82205e-05 0.000126598 7.26168e-06 -1.57776e-10 0.000113449 0.000541387 3.32032e-08 -0.00561386 -0.00826367 0.0044661 0.000879288 -4.50232e-08 1.19532e-05 -2.27963e-09 0.00121539 -0.0049831 1.65621e-08 3.27911e-08 3.34922e-08 
7.14276e-05 0.000101348 1.1434e-05 1.76189e-05 2.2386e-06 1.97953e-05 1.66779e-05 5.37611e-06 2.38936e-05 0.000103304 0.000176022 0.000170496 0.000221538 0.000327781 0.00166262 -0.000151518 -0.00022829 0.000112443 -9.74333e-05 2.04469e-05 -5.05165e-05 -0.000244866 1.43246e-05 -9.731e-05 1.67014e-05 -6.22271e-05 -2.80872e-05 -3.55271e-05 -4.1542e-05 -7.71616e-06 -1.53493e-05 -2.35517e-05 -1.91947e-05 7.52065e-13 -2.439e-05 -2.59671e-05 -2.21435e-05 -5.01276e-05 -5.69934e-05 -5.14032e-05 -3.5847e-05 -1.31518e-05 -0.000192933 6.78523e-07 6.03277e-05 -5.42771e-05 5.70857e-05 4.51025e-05 -1.43354e-06 5.89588e-07 3.20713e-05 2.03691e-05 -5.37606e-05 -0.000100494 -0.000236402 0.000328355 -8.83735e-05 -7.02477e-05 -9.34328e-05 -8.09173e-06 -6.74833e-05 0.000347899 -2.1458e-05 -0.000105757 -5.68245e-05 0.000105119 5.66736e-05 7.26238e-05 0.000110495 8.52112e-06 2.96237e-05 3.34755e-05 2.15865e-05 1.37626e-12 2.58777e-05 5.93294e-05 4.17768e-05 5.21695e-05 6.18692e-05 5.80909e-05 4.02878e-05 5.11804e-05 0.000241266 1.48341e-05 -7.36032e-05 9.9251e-05 0.000217837 3.00349e-05 1.28005e-06 -0.000394957 9.74304e-06 -3.29237e-06 -0.000278101 -0.000125499 -1.73567e-05 0.000123273 -3.5098e-05 4.5804e-05 -3.56303e-05 -8.31061e-05 -1.0934e-05 -0.000131998 -2.72158e-05 -6.9044e-09 5.63458e-07 7.2507e-06 -1.16312e-05 6.71873e-05 4.42481e-05 -1.78395e-06 -3.76976e-05 -5.00687e-06 2.45026e-05 7.14693e-05 0.000195908 -1.03377e-05 5.63134e-05 1.48096e-05 -4.11311e-05 -8.91937e-05 1.02795e-07 8.11239e-06 5.71612e-05 1.64443e-05 -1.77227e-05 -5.65842e-05 -3.46808e-05 -2.93333e-10 1.21339e-05 3.265e-05 8.15122e-05 -1.98205e-05 1.49995e-05 5.64615e-05 -4.70098e-05 -4.08623e-11 0.00020917 0.000257334 3.5076e-08 -0.00394176 -0.00695481 0.0067942 0.00110865 -2.99862e-08 3.14668e-05 -2.73858e-10 0.000109094 -0.0052501 1.25724e-08 2.37103e-08 3.22505e-08 
-4.45489e-05 0.000240104 -6.67081e-06 7.65931e-06 3.05454e-05 5.96526e-06 3.00634e-05 -3.94637e-05 -7.26392e-06 -1.85057e-05 -6.23121e-05 -0.000123185 -0.00024922 -0.000265637 -0.000151518 0.00233151 0.000301939 -0.000117082 0.000147269 3.13386e-05 6.31537e-05 0.000221955 0.000121092 9.91792e-05 2.68418e-06 5.23567e-05 5.95619e-05 3.26673e-05 6.48858e-05 2.34729e-05 3.41116e-05 3.75906e-05 3.4996e-05 -5.44382e-13 2.99782e-05 3.12644e-05 -1.80398e-06 2.31685e-05 2.39796e-05 1.49457e-05 -1.56862e-05 -5.80165e-05 3.68758e-05 -0.000206263 -7.97951e-05 -0.000293334 -7.85629e-05 -2.067e-05 -6.65746e-06 7.64396e-05 0.00017537 0.000216104 0.000183134 1.11203e-05 0.000158765 7.7495e-05 -0.000345376 0.000235971 -0.000515791 -0.000232032 -0.000119919 -9.4434e-05 -0.00012757 6.82139e-05 4.45659e-05 -3.79483e-05 -8.46732e-05 1.18125e-05 -2.94155e-05 1.16478e-05 -1.02847e-05 1.30682e-05 -7.85081e-06 -1.47033e-12 1.33083e-05 -7.66531e-05 6.45031e-06 -1.66353e-05 -1.68718e-05 -2.86038e-07 2.49583e-05 3.21756e-05 -5.99105e-05 0.000177613 0.000100375 0.000415392 -7.70418e-05 -1.85161e-06 -5.92242e-06 -0.000566352 1.2792e-05 0.000201727 -0.00064944 -0.000330637 2.51726e-05 0.000105007 -7.0491e-05 -5.26258e-05 -6.81045e-05 -0.000105303 0.000107027 -0.000178622 -1.95241e-05 -1.76586e-08 -7.32463e-08 5.28992e-06 8.55598e-05 1.08926e-05 -1.96529e-06 2.01189e-05 -2.99052e-05 -8.76394e-05 4.32621e-05 0.000108551 0.000226381 1.64817e-05 0.000105492 -5.37598e-05 -9.7064e-05 -6.29208e-05 -9.96344e-08 5.39556e-07 -5.69943e-05 3.06543e-05 5.77615e-05 6.60078e-05 4.82672e-05 -5.91849e-10 3.89584e-05 9.54508e-05 9.27871e-06 -1.12054e-05 1.50062e-05 4.51908e-05 -0.00012056 -3.08581e-11 -7.02325e-05 -5.59434e-05 7.57542e-08 -0.00857011 -0.00547242 0.00872148 0.000349177 -5.33305e-08 -3.82973e-05 -2.38596e-10 -0.000654601 -0.0121061 2.38637e-08 4.39676e-08 6.74717e-08 
-8.06464e-05 0.000148479 -1.448e-05 -2.14592e-06 3.68426e-05 2.51692e-05 4.4966e-05 -6.94291e-05 -1.74885e-05 -3.0215e-05 -0.000126956 -0.000277046 -0.000505484 -0.000404572 -0.00022829 0.000301939 0.00161263 -0.000155771 0.000184144 2.74849e-05 8.89187e-05 0.00037068 0.000116419 0.000164733 -8.53462e-07 8.80484e-05 8.63858e-05 5.96798e-05 9.63782e-05 3.21338e-05 4.76745e-05 5.87106e-05 5.55353e-05 -1.0954e-12 5.02814e-05 4.88223e-05 1.15095e-05 5.65223e-05 6.35988e-05 5.15961e-05 1.83799e-05 -5.21795e-05 8.00024e-05 -0.000169058 -0.000113057 -0.000282152 -0.000140081 -6.80528e-05 -2.86391e-05 0.000136439 0.000308492 0.000364448 0.000192865 -0.000324681 -9.74182e-06 -6.22496e-05 -0.000263173 -4.98844e-05 -0.000303958 3.72585e-05 -8.65982e-05 -0.000241374 -4.9979e-05 0.000114705 6.78982e-05 -5.91285e-05 -0.000108666 -2.29428e-05 -5.78131e-05 1.54674e-05 -1.69677e-05 1.04273e-05 -1.47564e-05 -2.67057e-12 2.08967e-05 -0.00010461 2.50616e-05 -1.38199e-05 -9.72193e-06 8.52235e-06 6.45596e-05 6.83509e-05 -6.34784e-05 0.000185778 0.000152141 0.000513099 -0.000119475 -1.65318e-05 -2.97869e-05 -0.000403434 6.18781e-06 0.000251609 -0.000712855 -0.00013302 3.67585e-05 4.17422e-05 -0.000178969 -6.35838e-05 -6.95551e-05 -8.66466e-05 5.27402e-05 -0.000103677 3.49462e-05 -2.00899e-08 -1.98701e-07 2.73911e-06 8.08765e-05 2.80188e-05 -2.0533e-05 4.50459e-05 1.77812e-06 -0.000133108 2.95333e-05 7.98616e-05 1.73044e-05 1.83089e-05 0.000101319 -8.49955e-05 -5.88996e-05 -0.00013109 -1.64614e-07 -5.80972e-06 -8.89333e-05 2.15552e-05 7.18063e-05 9.65918e-05 7.10141e-05 -5.63117e-10 5.73812e-05 0.000143578 2.96744e-06 -4.63948e-05 -4.0483e-05 -5.45647e-06 -0.000207063 2.82389e-11 -0.000254085 -0.000251188 7.66407e-08 -0.00702314 -0.00395528 0.00767354 0.000520137 -4.39333e-08 -5.5647e-05 3.5091e-10 -0.00105865 -0.0124929 2.1295e-08 3.81955e-08 6.6413e-08 
