Casal2
Call: casal2 -e 
Date: Tue Aug 09 10:44:54 2022
Seed: 98694
Version: v22.08 (2022-08-08)
Copyright (c) 2017-2022, NIWA (www.niwa.co.nz)
Environment: User=marshc Machine=NIWA-1008960 OS=Windows_NT PID=29980


*estimate_value[summary]
values {dataframe}
catchability[CSacous].q catchability[WCacous].q catchability[CRsum].q catchability[SAsum].q catchability[SAaut].q observation[CRsumbio].process_error observation[SAsumbio].process_error parameter_transformation[log_sum_b0].log_total_parameter parameter_transformation[log_sum_b0].total_proportion_parameter process[recruit_E].ycs_values{1975} process[recruit_E].ycs_values{1976} process[recruit_E].ycs_values{1977} process[recruit_E].ycs_values{1978} process[recruit_E].ycs_values{1979} process[recruit_E].ycs_values{1980} process[recruit_E].ycs_values{1981} process[recruit_E].ycs_values{1982} process[recruit_E].ycs_values{1983} process[recruit_E].ycs_values{1984} process[recruit_E].ycs_values{1985} process[recruit_E].ycs_values{1986} process[recruit_E].ycs_values{1987} process[recruit_E].ycs_values{1988} process[recruit_E].ycs_values{1989} process[recruit_E].ycs_values{1990} process[recruit_E].ycs_values{1991} process[recruit_E].ycs_values{1992} process[recruit_E].ycs_values{1993} process[recruit_E].ycs_values{1994} process[recruit_E].ycs_values{1995} process[recruit_E].ycs_values{1996} process[recruit_E].ycs_values{1997} process[recruit_E].ycs_values{1998} process[recruit_E].ycs_values{1999} process[recruit_E].ycs_values{2000} process[recruit_E].ycs_values{2001} process[recruit_E].ycs_values{2002} process[recruit_E].ycs_values{2003} process[recruit_E].ycs_values{2004} process[recruit_E].ycs_values{2005} process[recruit_E].ycs_values{2006} process[recruit_E].ycs_values{2007} process[recruit_E].ycs_values{2008} process[recruit_E].ycs_values{2009} process[recruit_E].ycs_values{2010} process[recruit_E].ycs_values{2011} process[recruit_E].ycs_values{2012} process[recruit_E].ycs_values{2013} process[recruit_E].ycs_values{2014} process[recruit_W].ycs_values{1975} process[recruit_W].ycs_values{1976} process[recruit_W].ycs_values{1977} process[recruit_W].ycs_values{1978} process[recruit_W].ycs_values{1979} process[recruit_W].ycs_values{1980} process[recruit_W].ycs_values{1981} process[recruit_W].ycs_values{1982} process[recruit_W].ycs_values{1983} process[recruit_W].ycs_values{1984} process[recruit_W].ycs_values{1985} process[recruit_W].ycs_values{1986} process[recruit_W].ycs_values{1987} process[recruit_W].ycs_values{1988} process[recruit_W].ycs_values{1989} process[recruit_W].ycs_values{1990} process[recruit_W].ycs_values{1991} process[recruit_W].ycs_values{1992} process[recruit_W].ycs_values{1993} process[recruit_W].ycs_values{1994} process[recruit_W].ycs_values{1995} process[recruit_W].ycs_values{1996} process[recruit_W].ycs_values{1997} process[recruit_W].ycs_values{1998} process[recruit_W].ycs_values{1999} process[recruit_W].ycs_values{2000} process[recruit_W].ycs_values{2001} process[recruit_W].ycs_values{2002} process[recruit_W].ycs_values{2003} process[recruit_W].ycs_values{2004} process[recruit_W].ycs_values{2005} process[recruit_W].ycs_values{2006} process[recruit_W].ycs_values{2007} process[recruit_W].ycs_values{2008} process[recruit_W].ycs_values{2009} process[recruit_W].ycs_values{2010} process[recruit_W].ycs_values{2011} process[recruit_W].ycs_values{2012} process[recruit_W].ycs_values{2013} process[recruit_W].ycs_values{2014} selectivity[M_male].x0 selectivity[M_male].y0 selectivity[M_male].y1 selectivity[M_male].y2 selectivity[M_female].x0 selectivity[M_female].y0 selectivity[M_female].y1 selectivity[M_female].y2 selectivity[sel_Whome].v{1} selectivity[sel_Whome].v{2} selectivity[sel_Whome].v{3} selectivity[sel_Whome].v{4} selectivity[sel_Whome].v{5} selectivity[sel_Whome].v{6} selectivity[sel_Whome].v{7} selectivity[sel_Espmg_Male].v{1} selectivity[sel_Espmg_Male].v{2} selectivity[sel_Espmg_Male].v{3} selectivity[sel_Espmg_Male].v{4} selectivity[sel_Espmg_Male].v{5} selectivity[sel_Espmg_Male].v{6} selectivity[sel_Espmg_Male].v{7} selectivity[sel_Espmg_Male].v{8} selectivity[sel_Wspmg_Male].v{1} selectivity[sel_Wspmg_Male].v{2} selectivity[sel_Wspmg_Male].v{3} selectivity[sel_Wspmg_Male].v{4} selectivity[sel_Wspmg_Male].v{5} selectivity[sel_Wspmg_Male].v{6} selectivity[sel_Wspmg_Male].v{7} selectivity[sel_Wspmg_Male].v{8} selectivity[sel_Espmg_Female].v{1} selectivity[sel_Espmg_Female].v{2} selectivity[sel_Espmg_Female].v{3} selectivity[sel_Espmg_Female].v{4} selectivity[sel_Espmg_Female].v{5} selectivity[sel_Espmg_Female].v{6} selectivity[sel_Espmg_Female].v{7} selectivity[sel_Espmg_Female].v{8} selectivity[sel_Wspmg_Female].v{1} selectivity[sel_Wspmg_Female].v{2} selectivity[sel_Wspmg_Female].v{3} selectivity[sel_Wspmg_Female].v{4} selectivity[sel_Wspmg_Female].v{5} selectivity[sel_Wspmg_Female].v{6} selectivity[sel_Wspmg_Female].v{7} selectivity[sel_Wspmg_Female].v{8} selectivity[Enspsl].mu selectivity[Enspsl].sigma_l selectivity[Enspsl].sigma_r selectivity[Wnspsl].mu selectivity[Wnspsl].sigma_l selectivity[Wnspsl].sigma_r selectivity[Espsl].a50 selectivity[Espsl].ato95 time_varying[shifted_a50].a selectivity[CRsl].mu selectivity[CRsl].sigma_l selectivity[CRsl].sigma_r selectivity[SAsl].mu selectivity[SAsl].sigma_l selectivity[SAsl].sigma_r 
0.606139 0.535263 0.0791051 0.0860539 0.0748305 0.112524 0.373076 14.0819 0.345135 0.320534 0.474931 0.528844 0.953146 0.72865 0.263612 0.351609 0.225908 0.383539 0.447345 0.377917 0.210609 1.01863 0.974537 0.44347 0.134145 0.417326 0.423246 0.399579 0.624543 0.278732 0.299857 0.509426 0.307866 0.06 0.531958 0.165339 0.300604 0.527883 0.58577 0.522813 0.660574 0.564939 0.37533 0.710452 0.117165 0.875537 0.325783 0.356484 2.00907 0.426135 0.701437 0.620797 0.603289 0.457976 0.503414 0.589369 0.486118 0.922257 0.832302 0.329776 0.154071 1.52717 0.880678 0.0844391 0.077871 0.860605 1.29731 0.354352 1.01608 0.220073 0.201149 0.251208 0.188218 0.06 0.333417 0.0862405 0.73872 0.446763 0.489645 0.499236 0.725647 0.587229 0.674019 0.454603 0.120333 1.15804 0.347495 0.317876 2.00912 7.05686 0.181775 1.43177 1.57154 6.50055 0.0882368 1.71508 0.811554 0.136076 0.0540988 0.263641 0.364076 0.329374 0.726785 0.999999 0.00263519 0.132895 0.421299 0.653615 0.658525 0.74103 0.820607 0.565189 0.219759 0.66614 0.778933 0.804313 0.866044 0.742674 0.638019 0.542226 0.000394569 0.0653656 0.204623 0.374549 0.373434 0.473277 0.620571 0.6 0.122146 0.329792 0.234849 0.503469 0.544597 0.543824 0.700183 0.6 71.0507 10.7596 44 67.5608 12.6278 27.0073 44.8046 4 -0.0913464 64 17.1698 38.1368 84 44 44 
*end

*covariance_matrix[mpd_covariance]
covariance_matrix {matrix}
0.00356713 0.000788848 6.97904e-06 0.000104035 5.60727e-05 -3.98903e-05 -0.00068233 -0.00123699 -0.000202529 0.000522474 -0.000144961 7.05365e-05 -0.000564513 -0.000559304 0.000323414 -0.000133946 -6.09503e-05 -0.000250792 4.52762e-05 4.55269e-05 1.01168e-05 0.000140723 0.000348617 0.000173283 9.20797e-05 0.000222156 0.000168186 0.000267961 0.000329993 0.00015331 0.000144456 0.000177967 0.000132956 6.22131e-14 0.000105666 5.85824e-05 -6.20691e-05 8.24827e-05 -4.37569e-05 1.19641e-05 -9.64545e-05 0.000149173 -0.000426605 -0.000101236 1.04614e-05 -0.000321785 -0.000277596 0.000666252 -0.00280293 0.000149371 -9.295e-05 -1.36389e-05 0.000279304 -0.000187477 -0.000879991 3.69682e-05 -2.52023e-05 0.000285998 -0.000200029 -0.000159572 -2.48045e-05 4.42074e-05 -0.000187275 6.28957e-05 4.0658e-05 -0.000469528 -0.00035245 -0.000211532 -0.000204973 -7.81166e-05 -8.20339e-05 5.10626e-06 -2.87588e-05 -1.01466e-14 2.28545e-05 -4.06545e-05 -7.62752e-06 -1.32184e-05 0.000181161 -7.77097e-05 -5.38677e-05 -0.000281174 1.01666e-05 -0.000237054 -8.87869e-05 -0.00129215 2.2303e-05 -0.000734535 -0.00280709 -0.000314305 -3.31925e-05 0.00122439 0.000707839 0.000387461 6.4394e-06 0.00127504 -0.000285809 -0.000231966 -0.000175061 6.51951e-05 -0.000486956 -0.000498208 -0.00119347 -1.07665e-07 -1.13526e-05 -0.000194727 -0.000433397 -0.000409045 -0.000298291 -0.00114969 -0.000185872 -1.41611e-06 -0.00216694 0.00115493 -0.000132808 -0.000244275 -0.000672575 0.000322896 -0.000128343 -0.00028521 -7.68788e-07 -8.80156e-05 -0.000267624 -0.000284385 -0.000219516 -0.000503523 -0.000104905 -2.20145e-09 -0.00130823 0.00041052 1.42724e-05 0.000156848 -0.000233287 -9.23529e-05 -0.000411475 -3.72225e-11 0.010445 0.00298836 5.29651e-07 -0.0158838 -0.00953872 0.0164639 -0.0219635 -5.91667e-08 -0.000282148 -3.1773e-10 -0.00473568 0.248824 4.95191e-08 7.27028e-08 3.46971e-07 
0.000788848 0.00737788 0.000195176 0.00103503 0.00070034 -3.38897e-05 -0.00102847 -0.00355712 0.000999212 -0.000505589 -0.000733865 -0.00092431 -0.00194778 -0.00219924 9.62409e-06 -0.000597662 -6.98945e-05 -0.000119015 -0.000417957 -7.5013e-05 -0.000214546 -2.37048e-05 6.14466e-05 -3.10994e-05 -2.01751e-05 0.000175557 7.13672e-05 7.1967e-05 0.0003596 8.7346e-05 9.27386e-05 0.000395123 0.000276991 -1.25289e-13 0.00034827 -3.22582e-05 0.000240729 3.52173e-05 0.00016883 -1.21976e-05 0.000371912 -6.46885e-05 0.000119099 -0.00019635 5.19958e-05 -0.000297612 -0.000328131 -6.21359e-05 -0.00233004 -0.000954873 -0.00535364 -0.00112325 -0.000363658 -0.00107846 -0.000662266 -0.000989089 -0.000588803 -0.00110511 -0.000412175 -8.78694e-05 7.72708e-05 -0.00168635 -0.000730516 1.55088e-05 5.75972e-05 -0.000267651 0.0006813 -1.94348e-05 0.000125955 5.8952e-05 0.000132054 -0.000254376 -0.000292788 2.2932e-15 -0.00057018 2.67984e-05 -0.00072279 -0.000303876 -0.000225672 0.000101858 -0.000106421 0.000138862 4.54178e-05 -0.000367543 -1.9678e-05 -0.000527679 0.000498765 0.000494255 -0.00233156 -0.000721352 -0.000160416 1.22033e-06 -0.000452274 -2.83885e-06 -6.06478e-05 -0.000112156 -0.00320792 -0.000796885 -0.000354446 -0.00110106 -0.000272262 -0.0044626 -0.00188005 1.08041e-08 3.48183e-06 9.33496e-05 0.000222492 0.000573879 0.000761373 0.000383279 -0.00161026 0.000337368 0.000740452 0.00114419 -0.000639626 -0.00278629 0.000990447 0.00142941 -0.000169397 0.0004847 4.60846e-07 3.96781e-05 0.00011961 0.000241861 0.000233405 0.000221842 0.000369109 1.21784e-09 0.000568623 0.0009019 7.47138e-05 -0.000167266 -1.26563e-05 2.79168e-05 -0.00221679 -1.45872e-10 -0.0196003 -0.00603668 -2.19089e-07 0.0242229 0.0375948 -0.027278 0.0067749 3.68012e-08 0.000164601 -8.58165e-10 0.0101929 -0.0820086 -3.21849e-08 -4.801e-08 -1.67406e-07 
6.97904e-06 0.000195176 6.76859e-05 3.76704e-05 2.9632e-05 -8.72839e-06 -0.000141612 -4.19994e-05 5.79014e-05 -1.45448e-05 -1.18534e-05 2.37105e-06 -0.000124078 -5.73139e-05 -2.6335e-05 -1.22352e-05 -3.55127e-05 -5.31582e-05 -3.40774e-05 -3.81649e-05 -7.3673e-07 -6.8568e-05 -2.07006e-05 -3.48269e-05 -7.66669e-06 1.97885e-05 1.24907e-05 1.69915e-06 4.74526e-05 1.3959e-06 4.31289e-06 1.86079e-05 1.0743e-05 2.9901e-14 5.80866e-06 -1.47571e-06 3.80432e-06 -2.9161e-05 -3.63108e-05 -3.41222e-05 -3.88944e-05 -7.3289e-05 1.9856e-05 -0.000112059 -8.53409e-06 -9.36128e-05 1.14491e-05 3.17461e-05 -3.15193e-05 -6.16591e-05 0.000158481 -8.39772e-05 -2.20515e-05 8.3465e-05 9.94391e-06 1.04801e-05 -8.30044e-06 0.00010785 -1.72582e-05 1.13709e-05 1.13938e-05 1.65288e-06 -7.42132e-06 6.46274e-06 1.23674e-05 1.05136e-05 0.000115078 3.44212e-05 6.49244e-05 3.04863e-05 1.21076e-05 -1.70789e-06 -1.35316e-06 -2.4468e-16 -6.73454e-06 -1.16495e-05 2.93728e-05 2.39862e-05 2.21025e-05 3.90065e-05 5.67812e-05 7.31877e-05 2.1879e-06 6.40709e-05 -1.3037e-05 7.61103e-05 -1.8225e-05 3.53935e-05 -3.14488e-05 -0.000674383 -4.33825e-05 -0.00043076 -0.000169892 -0.000460486 -4.0501e-05 -0.000478823 3.12131e-05 3.62186e-05 9.5419e-05 6.87508e-05 -1.75744e-05 -4.55307e-05 0.000364619 2.64054e-08 3.8973e-06 8.75565e-05 0.000199241 0.000221575 0.000171856 2.53825e-05 4.84809e-05 -2.55146e-05 0.000576817 -8.48454e-05 -4.2686e-05 1.76776e-06 4.43084e-05 -6.86586e-05 9.9479e-05 -4.36734e-05 4.01367e-07 3.95887e-05 8.44851e-05 0.000110178 6.28354e-05 7.85726e-05 0.000140581 6.16547e-10 0.000323968 -6.86349e-05 -1.24065e-06 -2.1551e-05 -2.12173e-05 -5.17465e-05 1.57136e-05 4.08012e-12 -0.00515083 -0.00111703 -1.4047e-07 0.00643234 0.00690748 -0.00483514 0.00511774 1.94661e-08 8.16216e-05 -2.15824e-11 0.00380415 -0.0627663 -1.48276e-08 -2.24534e-08 -9.42606e-08 
0.000104035 0.00103503 3.76704e-05 0.000224002 0.000123751 -6.03298e-06 -0.000131309 -0.000581985 0.000182944 -0.000131954 -4.4651e-05 -9.17209e-05 -0.000201207 -0.000306462 2.06701e-05 -7.82188e-05 -4.42434e-05 -5.17608e-05 -4.55547e-05 -3.84829e-05 -2.3724e-05 -4.80166e-05 -2.00769e-05 -1.99254e-05 -1.41002e-05 2.75037e-05 -4.26349e-06 -2.63529e-06 6.00841e-05 4.9379e-06 1.12012e-05 5.89427e-05 4.94235e-05 1.10589e-14 5.54059e-05 -4.88412e-06 4.21907e-05 -5.20551e-06 2.59155e-05 -1.86003e-05 3.10813e-05 -2.09483e-05 2.78329e-05 -0.000103801 -7.77415e-06 -1.95704e-05 -5.2056e-05 -7.33722e-05 -0.000444521 -0.000189959 -0.000934156 -0.000181586 -3.85696e-05 -0.000139 -2.44374e-05 -0.000152953 -7.81001e-05 -0.000209877 -8.72719e-05 -5.12265e-05 1.17267e-05 -0.000296823 -0.000104387 -2.55346e-07 1.62239e-05 -5.62823e-05 0.000130364 5.3586e-06 5.24938e-07 1.5001e-05 1.75963e-05 -4.44052e-05 -6.6083e-05 1.7939e-15 -0.000113308 -1.57822e-05 -0.000138032 -5.7177e-05 -5.16729e-05 3.49469e-05 2.20194e-05 3.96897e-05 1.22538e-05 8.58437e-06 7.91932e-06 -0.000121033 6.36884e-05 0.000159952 -0.000444947 -7.74181e-05 -4.07459e-05 0.000153477 -0.000134265 -0.000346972 -1.42272e-05 0.000234144 -0.000577334 -0.000156902 -7.12694e-05 -0.000224234 1.13889e-05 -0.000804547 -0.000477798 1.21994e-08 8.47349e-07 1.74553e-05 8.5165e-05 0.000142173 0.000161081 0.000149857 -0.000234286 5.50535e-05 0.00023385 0.000275683 4.93025e-05 -0.000339308 0.000325609 0.000307118 0.000240768 9.48022e-05 8.29557e-08 1.23734e-05 3.58343e-05 6.15942e-05 5.33727e-05 4.30339e-05 6.91507e-05 1.92849e-10 0.000167766 0.0002096 1.43372e-05 -2.67644e-05 5.97195e-05 4.40865e-05 -0.000344325 -1.18621e-11 -0.00460023 -0.00174326 -5.67879e-08 0.000310821 0.00295268 -0.00306776 0.00216513 -2.70687e-09 3.97929e-05 -3.41853e-10 0.000460127 -0.0275449 -2.31822e-09 -1.54302e-09 -3.47163e-08 
5.60727e-05 0.00070034 2.9632e-05 0.000123751 0.000137714 -3.6943e-06 -0.000121276 -0.000366375 0.000124505 -8.36545e-05 -8.33849e-05 -0.000117016 -0.000167422 -0.000195626 -3.56062e-05 -3.7952e-05 -1.23962e-05 -4.84118e-05 -2.30216e-05 -3.16111e-05 -7.42309e-06 -2.85978e-05 8.47204e-07 -1.36258e-05 -1.08753e-05 2.51695e-05 -2.59518e-06 -7.23931e-06 3.03712e-05 -3.01402e-07 4.9084e-06 2.88234e-05 2.54798e-05 7.23485e-15 2.45836e-05 2.47217e-07 1.45898e-05 -9.79968e-06 6.41795e-06 -1.04093e-05 2.2394e-05 -8.03898e-06 4.67626e-06 -2.10868e-05 -2.6154e-05 -5.15888e-05 -6.01443e-05 -5.8864e-06 -0.000242106 -0.000155105 -0.000585124 -0.000153839 -3.57223e-05 -0.000114208 -8.13984e-05 -0.000113165 -7.3619e-05 -0.000160797 -0.000123615 -0.000101054 -2.53638e-05 -0.00034485 -0.000138459 -2.74199e-06 1.14525e-05 -4.49771e-05 0.000118331 2.87931e-05 5.08737e-05 2.38727e-05 2.04425e-05 -9.3468e-06 -2.51354e-05 -3.86429e-15 -4.74902e-05 -1.85872e-05 -3.95473e-05 -9.53116e-06 4.79526e-06 4.72317e-05 5.83732e-05 5.14765e-05 5.85893e-05 -8.66483e-06 3.55806e-05 0.000239613 5.93873e-05 0.000129513 -0.000242262 -0.000271194 -3.70267e-05 5.91835e-05 -9.22157e-05 -0.000405618 -1.16705e-05 7.19698e-05 -0.000345157 -0.000101437 -2.83962e-05 -0.000158873 -1.24577e-05 -0.000453104 -0.000245457 1.07502e-08 1.08234e-06 3.22967e-05 7.73284e-05 0.000141048 0.000145806 0.000105054 -0.000156035 4.16604e-05 0.000205053 0.000152658 3.84735e-05 -0.000210476 0.000220931 0.000197084 0.000146341 4.33159e-05 1.0432e-07 1.55076e-05 1.97255e-05 7.6839e-05 7.20209e-05 3.43305e-05 7.86013e-05 1.74431e-10 0.000136483 0.000115339 2.21955e-05 5.05136e-06 1.46625e-05 1.42244e-05 -0.000220289 -6.26177e-12 -0.00325224 -0.00104983 -4.91254e-08 0.000638663 0.00248588 -0.0015268 0.00176407 -2.63867e-10 3.95682e-05 -1.72381e-10 0.00105847 -0.0232437 -2.62648e-09 -2.68918e-09 -3.04106e-08 
-3.98903e-05 -3.38897e-05 -8.72839e-06 -6.03298e-06 -3.6943e-06 0.000301722 7.54908e-06 3.4639e-05 -5.5984e-06 -1.42835e-06 -8.96275e-06 -1.04465e-05 -2.89731e-05 -2.21175e-05 -7.64729e-06 -1.80894e-05 -8.60683e-06 -1.5568e-05 -1.53338e-05 -1.22561e-05 -7.86655e-06 -3.41745e-05 -4.16021e-05 -2.52866e-05 2.93508e-07 -4.01158e-05 -1.2576e-05 2.44675e-06 -2.52294e-05 -1.67651e-05 -9.00945e-06 -3.63648e-05 3.77555e-06 -2.279e-14 -1.18353e-05 5.73844e-06 5.02843e-06 1.8557e-05 3.3676e-05 6.29173e-05 5.23767e-05 -9.88438e-06 4.53955e-05 0.000102229 2.03182e-05 0.000122454 4.23709e-05 -1.72948e-06 8.51522e-05 1.87025e-07 -1.05448e-05 -3.93924e-06 -1.17407e-05 -1.29884e-05 -9.8086e-06 -1.99058e-05 -1.7599e-05 -1.96631e-05 4.31635e-06 5.70399e-06 -5.34744e-06 -4.25735e-05 -2.76339e-05 -4.95622e-06 -4.71174e-06 -4.35035e-05 1.72064e-05 -4.15667e-06 -1.80331e-05 -1.65815e-06 -6.45119e-07 -3.60607e-06 -5.77315e-06 -4.26583e-15 -3.2221e-06 1.92728e-06 -2.06999e-05 5.74053e-06 3.26727e-05 2.33146e-05 -1.17942e-05 3.60853e-05 4.80465e-05 1.86656e-05 1.3254e-05 9.25124e-05 2.50054e-05 -8.42894e-06 7.6106e-05 7.44099e-05 3.75199e-06 4.27002e-05 2.98828e-06 7.8446e-05 4.9395e-06 5.72911e-05 -5.23694e-06 -7.04351e-06 -1.99592e-05 1.0975e-05 2.54408e-05 -8.14217e-05 -6.52085e-05 -1.07931e-09 -3.37682e-07 -9.45117e-06 -2.01016e-05 -2.28302e-05 -1.62695e-05 -1.03849e-05 -5.10941e-07 -2.13092e-06 -2.14845e-05 4.22229e-05 -8.84234e-06 -3.1763e-05 9.39426e-06 1.52077e-05 -6.67955e-06 -5.47055e-06 -2.42505e-08 -4.25948e-06 -1.15948e-05 -1.16482e-05 -9.38748e-06 -1.95579e-06 -8.20839e-06 -2.39174e-11 -1.20607e-05 2.05237e-05 -1.03195e-06 -9.21552e-06 3.81338e-06 6.26241e-06 -2.12582e-06 -2.09914e-12 0.000295923 -1.79081e-05 5.24453e-09 -0.000148116 4.19121e-06 9.90836e-05 0.00062785 -1.13489e-09 -1.18101e-06 -2.59142e-11 -0.000422343 0.00204165 6.55627e-10 1.07947e-09 3.54727e-09 
-0.00068233 -0.00102847 -0.000141612 -0.000131309 -0.000121276 7.54908e-06 0.00396609 0.000631704 -1.8148e-05 -1.278e-06 0.00273277 -0.000140169 0.00121245 0.00111766 -0.000110313 0.000437008 2.55985e-05 0.000137958 7.45382e-05 1.03252e-05 8.28274e-05 -0.000344483 -0.000316024 -0.000204592 -8.92265e-05 -0.000259248 -0.000356107 -0.000281881 -0.000549789 -0.0002123 -0.000205844 -0.000452141 -0.000245877 2.11594e-13 -0.000353293 -5.29685e-05 -0.000135305 -0.000186059 -0.000193569 -0.000268752 -0.000398292 -0.000356874 -8.60448e-05 -0.000277993 -9.26486e-05 -0.000511303 0.000322645 -0.00227085 0.00113825 -0.00157971 -0.00210751 -0.000934246 0.00275447 -0.00076044 0.000577794 -0.000472601 -0.000341359 -0.000983485 -0.00112855 -0.000271655 -8.71745e-05 -0.00103616 -0.000342176 -5.96605e-05 3.37989e-05 -0.000112136 3.15397e-05 6.10075e-05 -1.35174e-05 4.19324e-05 -2.63493e-05 0.000121341 2.078e-05 -1.52666e-15 -4.02368e-05 -8.75251e-05 -0.00041126 -0.000335278 -0.000475881 -0.000322762 -0.000390949 -0.000139655 -0.000278184 5.69186e-05 -4.29609e-05 0.000322569 -0.00018245 0.00166165 0.00113726 0.000740622 0.000253998 -0.00046802 0.000436923 0.00116391 9.12476e-05 -0.000319265 0.000819076 8.75832e-05 1.83006e-05 -0.000125884 0.000112422 0.0010681 0.000620273 -2.53876e-08 -2.74149e-06 -9.69904e-05 -0.000267198 -0.000509865 -0.000546706 -0.00100593 0.000348337 0.000484144 -0.000642948 -0.000870479 -0.000220692 0.000330267 -0.000316792 -0.000347082 -0.00074922 0.000611204 -6.71494e-07 -3.02671e-05 -4.27658e-05 -5.15307e-05 -0.000121484 0.000198113 -8.69231e-05 -2.50411e-10 -3.19527e-05 -0.00034918 -1.09729e-05 -0.000423605 -1.01264e-05 -0.000128166 -0.000301435 -7.73958e-12 0.0141039 0.00542215 9.51359e-08 0.00344642 -0.00174606 0.015657 -0.00274862 1.11068e-08 -0.000129776 8.85099e-10 -0.00149216 0.0462988 3.90339e-10 -3.53694e-09 5.31001e-08 
-0.00123699 -0.00355712 -4.19994e-05 -0.000581985 -0.000366375 3.4639e-05 0.000631704 0.00305134 -0.000445753 0.000273107 0.000781091 0.000712813 0.00132232 0.00165321 -0.000262918 0.000432594 3.10754e-06 5.75914e-05 5.75679e-05 -4.33121e-05 0.000117532 -0.000425947 -0.000393444 -0.000243646 -7.33145e-05 -0.000239138 -0.000266016 -0.000291889 -0.000509672 -0.000229225 -0.000187071 -0.000434752 -0.000269414 1.88756e-13 -0.00030302 -2.06169e-05 -0.000120456 -0.000118483 -0.000110945 -7.14929e-05 -0.00020865 -0.000185555 0.000105856 0.000112069 -1.79287e-05 0.000178029 0.000407621 -8.41178e-05 0.00291532 0.000354989 0.00386992 0.000637337 0.00029384 0.000976757 0.000631907 0.000517248 0.000180431 0.000432383 -0.000111825 0.000140555 2.7365e-05 0.000624362 0.000410891 -1.8873e-05 -6.18169e-06 0.000162905 -0.000152902 9.24867e-05 -6.05363e-05 4.77063e-05 -6.25337e-05 0.000161728 0.000154805 6.77699e-15 0.000320579 -4.07018e-06 0.000555195 0.000325967 0.000184129 0.000228943 0.000369055 0.000442229 0.000295194 0.000636515 1.07276e-05 0.00206281 -0.000185032 0.000221959 0.00291525 -0.00110926 -1.63687e-05 -0.00086141 -0.000238256 -0.00183937 -5.50262e-05 -0.000756638 0.0021421 0.000629949 0.000435116 0.000755604 0.000298168 0.00330928 0.0021236 8.61494e-08 9.4562e-06 0.000225796 0.000486763 0.000355885 5.95899e-05 0.000375972 0.00111875 -0.000258839 0.00125409 -0.00105183 0.000667182 0.00214111 -0.000154112 -0.000976735 0.000686808 -0.000291881 9.78013e-07 0.000107726 0.000267524 0.000223365 9.19588e-05 0.000149737 0.000161787 7.76243e-10 0.000642354 -0.00073232 -2.09957e-05 5.45293e-05 -1.91224e-05 -7.25841e-05 0.00165642 1.38018e-10 0.00149365 0.00142667 -2.65923e-07 -0.00737068 -0.0140112 0.0108703 0.0110754 8.7196e-09 6.61252e-05 5.3187e-10 0.00261653 -0.140098 -1.09295e-08 -1.33852e-08 -1.49553e-07 
-0.000202529 0.000999212 5.79014e-05 0.000182944 0.000124505 -5.5984e-06 -1.8148e-05 -0.000445753 0.000325403 -0.000161236 0.000121422 2.47678e-05 -0.000134493 -0.000439626 -9.92407e-06 -9.92177e-05 -6.72139e-05 -7.72364e-05 -9.80216e-05 -8.76774e-05 -5.15818e-05 -0.00018038 -0.000163178 -0.000111093 -3.97152e-05 -3.43115e-05 -7.08392e-05 -7.89701e-05 -5.26934e-05 -5.11739e-05 -5.64611e-05 -5.02725e-05 -1.06994e-05 -4.6671e-14 -1.53616e-05 -2.34764e-05 6.28737e-05 -2.97025e-05 2.08275e-05 -2.33172e-05 8.95591e-05 -2.51351e-05 0.000150972 3.40006e-05 -2.53864e-06 0.000229417 -1.60816e-05 -0.000243145 0.000212571 -0.000216979 -0.000920838 -0.000184918 -8.89673e-05 -7.67765e-05 0.000187342 -0.000140769 -3.74829e-05 -0.00013526 2.3422e-05 1.93922e-06 -1.00724e-05 -0.000221244 -9.45418e-05 7.20518e-06 1.17575e-05 7.03636e-05 0.000384235 6.7296e-05 0.000153277 5.42292e-05 5.21409e-05 -4.1078e-05 -4.58411e-05 2.37566e-15 -0.000109329 -4.93532e-06 -9.78385e-05 -4.82513e-05 -0.000104433 2.16633e-05 -3.94424e-05 3.26617e-05 -5.39951e-05 -0.000126738 6.28375e-06 -0.000190052 5.11344e-05 0.000277723 0.000212017 -0.000222104 -3.81189e-05 -0.000469999 -0.000307591 -3.13412e-05 -2.47198e-05 -0.000584653 -0.000537277 -5.95902e-05 1.09745e-05 -0.000154009 5.97803e-05 -0.000704676 0.000106385 3.5038e-08 4.96108e-06 8.72667e-05 0.000197473 0.000275578 0.000255098 0.000411576 -0.000290149 8.70783e-05 0.000838206 -0.000114812 -0.000157173 -0.000556988 0.000339922 0.00016215 -0.000117973 0.000171416 4.024e-07 3.71932e-05 8.8672e-05 0.000139462 0.000104029 0.000213368 0.000124554 9.92107e-10 0.000531715 5.16032e-05 -1.45568e-05 -0.00011497 3.76035e-05 -5.18609e-06 -0.000317919 -2.29347e-11 -0.00757837 -0.00215729 -2.1555e-07 0.0119921 0.0122309 -0.0121283 0.00870895 3.09401e-08 0.00015098 3.90879e-11 0.00477654 -0.0950138 -2.43771e-08 -3.67472e-08 -1.48315e-07 
0.000522474 -0.000505589 -1.45448e-05 -0.000131954 -8.36545e-05 -1.42835e-06 -1.278e-06 0.000273107 -0.000161236 0.00505135 0.00332132 0.0011435 -0.00151789 0.000601759 0.0002684 1.43189e-05 0.000112437 4.91561e-05 0.000178479 9.93749e-05 5.91237e-05 0.000146935 0.00012121 6.98236e-05 3.14452e-05 3.60432e-06 3.92731e-05 5.06534e-05 -2.48313e-05 1.98588e-05 8.77161e-06 -1.66574e-05 -3.75982e-05 2.98152e-14 -7.74354e-05 -1.95859e-06 -0.000157686 -9.40793e-05 -0.000163829 -0.000136918 -0.000223148 2.80777e-05 -0.00025496 -0.000242894 1.38306e-06 -0.000285419 -0.000681646 -8.35693e-05 -0.00156076 0.00117102 0.00207718 0.0019699 0.000999113 -1.47723e-05 -0.00183834 -0.000467617 0.000159189 -0.000430976 -0.000436441 -5.60464e-05 -1.99636e-06 -0.000296336 -0.000255987 2.69917e-06 -1.99121e-05 -0.000203642 -0.000467502 -0.00010677 -0.000279977 -8.80226e-05 -7.9996e-05 1.49023e-05 7.10714e-05 -7.60717e-16 9.71505e-05 2.21296e-06 6.81929e-05 7.51969e-05 0.000140912 -1.83191e-06 0.000104048 -2.51717e-05 0.000124514 0.00027121 2.12992e-06 0.000132808 0.000788906 -0.00108475 -0.00156072 -0.00103372 5.10241e-05 0.000151975 7.636e-05 0.000284411 4.20239e-05 -0.000406807 0.000884312 4.21022e-07 8.82617e-05 0.000195891 -5.94208e-05 -2.5424e-05 8.19391e-06 -4.2881e-09 -6.61975e-07 -2.35786e-05 -0.000147372 0.000346775 -0.000288524 0.000221162 0.00043627 8.94979e-05 -7.1163e-05 -0.000736647 8.20648e-05 0.000200413 8.68616e-05 -0.000235976 -0.000271281 -0.000233193 -1.53921e-07 -4.69697e-05 -0.000179751 -0.000353615 -0.000237465 -0.000845817 -0.000867117 8.28492e-11 6.42739e-05 -0.000213567 -8.26226e-05 -0.000370489 -0.0011804 -0.00078038 0.000500836 3.35178e-12 0.0305334 0.0142547 -3.99928e-09 -0.00127615 0.000519932 -0.00390572 -0.000667584 7.46406e-09 -6.55328e-06 2.35787e-10 5.88502e-05 -0.00252353 -3.64876e-09 -6.57822e-09 -7.24704e-09 
-0.000144961 -0.000733865 -1.18534e-05 -4.4651e-05 -8.33849e-05 -8.96275e-06 0.00273277 0.000781091 0.000121422 0.00332132 0.012136 0.00361904 -0.00314058 0.000269904 0.000374505 -0.000144006 -1.23546e-05 -0.000226961 -6.73698e-05 -0.000172894 3.55541e-06 -0.000870626 -0.000667674 -0.000436891 -0.000114487 -0.000398848 -0.000404233 -0.000341268 -0.000572803 -0.000264322 -0.000259892 -0.000487956 -0.000272549 1.10742e-13 -0.000392791 -8.19356e-05 -0.0001762 -0.000322105 -0.000247199 -0.000442422 -0.000300001 -0.000174091 0.000407021 -0.000121688 -7.79229e-05 0.00057615 -0.000683207 -0.00323046 -0.00571863 -5.38904e-06 0.00206104 0.00149691 0.00290107 0.00115576 0.000157779 -0.00197497 0.000529158 -0.000280126 -0.000992259 0.000232637 -5.01699e-05 5.9184e-05 -0.000121364 8.597e-05 5.25561e-05 0.000439477 0.00084548 0.0002641 0.000445659 0.00014026 5.37679e-05 0.000210912 9.81161e-05 -1.16371e-15 9.13579e-05 -7.75189e-05 -0.00010396 -0.000108526 -0.000299047 -3.32605e-05 -0.000292379 -5.18243e-05 -0.000521949 -0.000176044 -8.53345e-06 -0.00129324 0.000749932 0.000627186 -0.00572095 -0.000517155 5.96641e-05 6.95689e-05 -1.75687e-06 -0.00260412 3.22535e-05 0.000263173 0.0021864 5.83846e-05 0.000123811 0.000245912 0.000388381 0.000982288 8.57782e-05 5.06748e-08 1.54373e-06 3.23053e-06 -6.7256e-05 0.000779235 -0.000578742 0.000577489 0.000566565 0.000487191 0.000379617 -9.23041e-05 0.000317487 0.000375029 0.000589064 -9.3747e-05 -0.000400254 2.68069e-05 -1.96923e-07 -4.7298e-06 -8.28215e-05 -0.000241594 -0.000384509 -0.001274 -0.000906136 1.83487e-10 0.000605535 0.000110105 0.000153351 -0.00187798 -0.000145798 -8.67662e-05 0.00123487 3.67996e-11 0.0142637 0.00664875 -1.19527e-07 -0.0100573 -0.00660552 0.00783607 0.00465539 -1.6754e-08 7.5459e-05 8.51865e-10 -0.00136772 -0.0733925 3.86229e-09 1.06822e-08 -5.5806e-08 
7.05365e-05 -0.00092431 2.37105e-06 -9.17209e-05 -0.000117016 -1.04465e-05 -0.000140169 0.000712813 2.47678e-05 0.0011435 0.00361904 0.00848705 0.00200102 -0.00388037 0.000938599 -0.000594635 -0.000130369 -0.000276247 -0.000152292 -0.000237494 -0.000133266 -0.000791764 -0.000693813 -0.000387213 -8.49766e-05 -0.000330398 -0.000322068 -0.000261286 -0.000453621 -0.000197119 -0.00020722 -0.000347139 -0.00020081 2.82721e-14 -0.00030492 -7.03193e-05 -0.000141473 -0.000222984 -0.000167767 -0.000210835 -0.000127935 4.68818e-05 0.000505862 0.000497957 2.53892e-05 0.00141798 -0.000614814 0.000748813 0.000483891 0.00124827 0.00192734 0.00156695 0.000273464 0.0015318 0.00112131 -6.04271e-05 0.000554272 7.32986e-05 -0.000164622 0.000497941 8.34953e-06 0.000595649 4.71058e-05 0.000134457 7.92977e-05 0.00034234 0.000505696 8.99055e-05 0.000110619 3.00717e-05 4.5986e-05 0.000109849 4.34904e-05 1.43015e-15 3.80774e-05 -5.21723e-05 -5.32284e-05 -0.000100791 -0.000232434 -0.000167025 -0.000471327 -0.0004225 -0.000840109 -0.000931936 -2.78493e-05 -0.00258334 0.000468425 -0.000112596 0.000481938 0.00143277 4.32213e-05 -0.000350548 -0.00025248 -0.00160531 4.02814e-05 -2.91041e-05 0.00102671 0.000298519 3.79686e-05 0.000153599 0.000431698 -3.82967e-06 -0.000128379 1.07763e-08 4.04674e-07 -7.9182e-05 -0.000235612 -8.53405e-05 -0.000338679 0.000507312 0.000411846 0.000249847 0.000414014 -0.000925284 0.000165795 0.000181484 0.000349338 -0.000373748 -0.000245949 -0.000396301 1.66828e-07 -2.93939e-05 -0.000130091 -0.000303524 -0.000256714 -0.00103676 -0.000298599 3.57078e-10 6.70417e-05 -0.000581478 -0.000152949 -0.000194794 0.000984678 0.00113563 0.000965592 1.23308e-11 0.0193095 0.00887922 -7.75454e-08 -0.000771075 -0.0146429 -0.0125815 0.00489339 9.45573e-09 0.000157352 8.6462e-11 -0.00160085 -0.0383049 -8.37453e-09 -1.2241e-08 -5.35949e-08 
-0.000564513 -0.00194778 -0.000124078 -0.000201207 -0.000167422 -2.89731e-05 0.00121245 0.00132232 -0.000134493 -0.00151789 -0.00314058 0.00200102 0.0230945 -0.000751706 -0.000175899 0.00100272 -6.6448e-05 0.00058632 0.000447612 0.000249248 0.000225184 -3.55798e-05 -0.000190699 -0.000180588 -0.000118416 -8.12562e-05 -0.000402347 -0.00024325 -0.000534133 -0.000162701 -9.58927e-05 -0.00040675 -0.000181001 3.2459e-13 -0.000273605 -1.57548e-05 -0.000208335 -0.000239794 -0.000248476 -0.000259409 -0.000500907 -0.000583812 -0.00097605 0.00026759 -5.29147e-05 -0.000779449 0.000414619 0.00122233 -0.00526506 0.00165856 0.00068134 0.00177394 0.000119828 -0.000662967 0.001835 0.00367237 -0.000732741 -0.00289012 -0.00241209 0.000158345 -0.000229228 -0.00203117 -0.000530633 0.000188521 0.000199937 -0.00067547 -0.000368854 -0.000204252 -0.00077303 -5.44399e-05 -0.000136206 0.000183238 -8.32866e-05 2.20883e-15 -0.000103157 -0.000281949 -0.000428935 -0.000365624 -0.000509146 -0.000408172 -0.000414684 -0.000292439 5.13746e-05 -0.000578591 -0.000210079 0.000242074 -0.00138443 0.00120416 -0.00526918 0.000512851 0.000361999 -0.00110683 1.42366e-05 -0.000446443 0.000116115 -0.000428635 0.00144214 0.000383939 9.55612e-05 -0.00081556 0.00115043 -0.000632733 -0.000251658 3.78087e-09 2.2788e-06 -9.11086e-05 -4.68493e-05 -0.00191636 -0.00107148 0.000440541 0.000945983 0.00014849 0.000397988 -0.00219271 -0.000259463 -5.64398e-05 0.000592198 -0.000602103 -0.000846431 0.000125971 3.76983e-08 4.50629e-06 5.23939e-05 -0.000105343 -3.89679e-05 0.0013432 -0.00211605 9.0241e-10 0.000397876 -0.000849367 -0.000644716 0.00267681 0.000873123 -0.000285845 0.000404051 -2.02794e-11 0.0389428 0.0184616 -1.45018e-07 0.0111397 -0.024584 -0.0195582 0.0110692 4.22948e-08 7.28227e-05 3.96789e-10 0.00271298 -0.0641224 -2.74258e-08 -4.43209e-08 -1.16527e-07 
-0.000559304 -0.00219924 -5.73139e-05 -0.000306462 -0.000195626 -2.21175e-05 0.00111766 0.00165321 -0.000439626 0.000601759 0.000269904 -0.00388037 -0.000751706 0.0207539 -0.00248358 0.00143339 0.000220259 0.000599766 0.000886828 0.000384825 0.00031284 0.000586952 0.000506527 0.000112815 1.84821e-05 9.11021e-05 -2.74481e-05 9.04275e-05 -5.87226e-05 3.44479e-05 4.64618e-05 1.62471e-05 -3.30807e-05 -5.46306e-13 -7.47205e-05 1.14545e-05 -0.000233205 -0.000177992 -0.000483029 -0.000312771 -0.000986412 -0.000368868 -0.00287469 -0.00159792 9.57335e-05 -0.00353208 -0.00109822 -0.00164385 -0.000977412 -0.000347829 0.00189569 0.000561145 0.000585335 2.62818e-05 -0.00102559 8.75623e-05 0.000813964 -0.00221821 -0.000306703 -0.000441426 -0.000212803 -9.2529e-05 -0.000343884 0.00040998 8.67418e-06 -0.000498582 -0.000425407 -0.000269402 -0.000220008 -6.39734e-05 -8.14831e-05 5.0845e-05 6.20148e-05 7.96789e-15 0.000240826 -7.28064e-07 0.000357683 0.000218313 0.000497922 0.000298065 0.000963152 0.000526985 0.00269528 0.00159562 -0.000278986 0.00406953 -7.34358e-05 -8.90556e-05 -0.000977735 0.000454806 -6.54485e-05 0.000512307 -0.000504498 -0.00213049 4.53766e-05 0.000571758 0.00193937 0.000151301 -3.38748e-06 -0.000245799 0.000242435 0.000606021 -2.10049e-05 1.14868e-07 9.40317e-06 0.000186175 0.000575883 0.000568661 -0.000272942 0.0013561 0.000484107 -0.000860101 0.00154537 0.000198337 0.000683833 0.000307182 0.00116073 4.65219e-05 7.61895e-05 0.00120867 3.32742e-07 9.09864e-05 0.000136118 0.000327092 0.000816787 -0.00103042 -0.000127717 9.00128e-10 0.00106999 0.000234128 0.000341333 -0.00091381 -0.000460887 -0.00048301 0.00122646 6.62252e-11 -0.00425852 -0.00128614 -3.51922e-07 -0.010767 -0.00456311 0.0187671 0.0191804 -2.01185e-08 9.10249e-05 6.07498e-10 -0.00320373 -0.194399 -4.85563e-09 3.12174e-09 -1.90958e-07 
0.000323414 9.62409e-06 -2.6335e-05 2.06701e-05 -3.56062e-05 -7.64729e-06 -0.000110313 -0.000262918 -9.92407e-06 0.0002684 0.000374505 0.000938599 -0.000175899 -0.00248358 0.00449262 -0.000473036 -0.000237859 2.22671e-05 0.0002066 6.78912e-06 7.62139e-05 0.000117602 5.67419e-05 0.000106573 3.0472e-05 9.36451e-05 -9.88008e-06 6.80917e-05 5.97857e-06 3.21416e-05 3.76274e-05 6.83353e-05 2.38586e-05 3.78857e-13 3.53147e-05 -3.35691e-07 -1.49799e-05 4.2288e-05 7.34013e-05 4.88856e-05 0.00024177 3.27573e-05 -0.000278877 -4.01832e-05 0.00013026 0.000375781 -4.09616e-05 0.00033082 -0.000445742 0.000641484 -0.000320446 0.000497115 -0.000454196 -0.000131286 -9.43138e-05 -0.000970058 -0.000519584 0.00186901 0.0015373 -0.00109688 0.000167374 0.000263226 0.000268204 -0.000138404 -6.7111e-06 -0.000279231 0.000109445 -0.000133106 -0.000166597 -5.33143e-05 -6.01203e-05 -7.8551e-05 -2.44525e-05 9.57464e-15 -7.78798e-05 2.8439e-05 -0.000146367 -0.000102989 -7.35339e-05 -0.000132145 -0.000317677 -0.000293146 -0.000129245 -0.000267078 -0.00023552 -0.00134299 -0.000354961 -7.87684e-05 -0.000446397 0.000969514 0.000194471 -0.000683445 3.4823e-05 0.000643735 3.60507e-05 -0.000273168 -0.0001154 -7.22569e-05 -2.55654e-05 -0.000190305 0.000226105 -0.000432436 -3.62345e-05 -2.52769e-08 -3.13097e-06 -0.000133952 -0.000699039 -0.000261756 -0.000168815 0.000112561 7.31651e-05 0.000171708 -0.000117267 -0.000932222 -0.000228994 -0.000158459 -3.39121e-05 -0.000206291 -0.000300639 -0.000236676 -2.28022e-07 -4.0179e-05 -0.000179174 5.65395e-05 -0.000441301 0.000188118 -0.000412997 2.31429e-10 -0.000103769 -0.000425048 -1.38295e-05 0.000134094 0.000192156 0.000197185 -5.37818e-05 -2.50681e-11 0.00894704 0.00389664 1.06566e-08 0.00379944 0.0149645 -0.0183437 -0.00209438 2.49269e-08 1.11881e-05 -6.6132e-11 0.00210062 0.0147899 -1.2154e-08 -2.21466e-08 -1.27512e-08 
-0.000133946 -0.000597662 -1.22352e-05 -7.82188e-05 -3.7952e-05 -1.80894e-05 0.000437008 0.000432594 -9.92177e-05 1.43189e-05 -0.000144006 -0.000594635 0.00100272 0.00143339 -0.000473036 0.00483699 -0.000542684 3.62713e-05 0.000596699 1.14992e-05 0.000380116 0.00012805 0.000239295 8.61671e-05 3.45389e-06 0.00013717 -0.000113431 3.70317e-05 2.12264e-05 -1.9081e-05 4.6235e-05 -7.61831e-05 4.01786e-06 8.2287e-14 2.32017e-06 -6.09927e-05 -4.02288e-05 -0.000115585 -0.000135993 -0.000190273 -0.000293289 -0.000547622 0.000329649 -0.00063975 -8.32287e-05 -0.00121332 0.000114947 -0.000218628 -0.001189 -6.09116e-05 0.000444671 0.000174222 0.00027476 -0.000198379 -0.000162502 0.000822043 0.000479986 -0.00084923 -0.000217248 8.6174e-05 -0.00027359 -0.000354055 0.000335771 -0.00037022 -0.000194266 -0.000151898 0.00027992 1.10327e-05 -8.14763e-05 8.60892e-05 -4.49292e-05 0.000196883 1.23044e-05 1.82327e-14 3.18819e-05 0.000192204 -2.87861e-05 8.40859e-05 -2.79959e-05 9.30179e-05 2.35884e-05 0.000351706 -0.000526871 0.000441561 -0.000205584 0.00154697 0.000519299 9.05637e-05 -0.00119158 -5.94212e-06 -8.30841e-06 0.000269131 -0.000119648 -0.000689385 2.79624e-05 0.000227183 0.000591208 8.88776e-05 -7.0639e-06 2.42405e-06 0.000104549 3.27032e-05 -9.42976e-05 3.87904e-08 2.34505e-06 6.54981e-05 0.000293504 7.32922e-05 -0.000101869 0.00038653 0.00014614 6.38988e-05 0.000493674 0.000221738 0.000191381 5.41657e-06 0.000371223 6.30023e-05 -6.52441e-06 0.000144799 6.31252e-08 2.72759e-05 4.58292e-05 -3.44158e-05 0.000357153 -0.000149066 -0.00013176 2.72552e-10 0.000361599 0.000166668 -6.19667e-05 0.000211364 8.60984e-06 -0.000194304 0.000265296 1.59836e-11 0.00104979 0.0004117 -1.13363e-07 -0.00159208 -0.0107445 0.00621105 0.00734838 -8.25882e-09 6.5403e-05 1.90253e-10 -0.00208329 -0.0638878 -7.34208e-10 2.54617e-09 -6.02288e-08 
-6.09503e-05 -6.98945e-05 -3.55127e-05 -4.42434e-05 -1.23962e-05 -8.60683e-06 2.55985e-05 3.10754e-06 -6.72139e-05 0.000112437 -1.23546e-05 -0.000130369 -6.6448e-05 0.000220259 -0.000237859 -0.000542684 0.00277483 -0.000468309 0.000279741 0.000181393 2.5551e-05 0.000415434 0.000299912 0.000113109 -6.31013e-06 0.000154981 4.72812e-07 0.000107104 5.41938e-05 5.41671e-05 4.74509e-05 7.45584e-05 3.15982e-05 -2.4498e-14 9.34001e-05 -2.54975e-05 3.54698e-05 5.76775e-05 2.23813e-05 2.15683e-05 -4.04599e-06 -8.34852e-05 -0.000219385 0.000197448 -0.000351658 -0.000260072 -0.000139554 -1.18396e-05 -0.000508097 0.000193193 -0.000184771 0.000187436 -0.000162738 -0.000137357 -0.000175105 -0.000311965 -0.000229854 -0.0002541 -9.58106e-05 5.07621e-05 0.000199987 -0.000349167 -0.000252096 0.000274243 0.000132257 -0.000397654 -2.82433e-05 -0.000165953 -0.000151644 -5.46582e-05 -3.77054e-05 -3.01679e-05 -1.80828e-06 5.99932e-15 -5.4517e-05 0.000168444 -0.000121797 -1.80882e-05 5.52364e-06 -3.47949e-05 -6.3688e-05 1.15565e-05 6.86413e-05 -0.000255029 0.00039102 -0.000176212 -0.000187502 -9.78305e-05 -0.00050877 0.000689536 8.80251e-05 -0.000186802 -2.29556e-05 0.000280463 2.4907e-05 1.13907e-05 3.62085e-05 -5.14398e-05 -2.43148e-05 -0.000141333 6.34518e-05 -0.000288781 -9.66437e-05 -4.89126e-09 -9.90767e-07 -4.23666e-05 -0.000118776 -0.000139793 -0.000126122 7.18924e-05 7.43179e-05 -4.22895e-05 1.40288e-05 -0.000303085 -4.94446e-05 -4.13426e-05 4.61749e-05 -7.14968e-05 -2.81272e-05 5.30412e-05 2.54728e-10 -1.21975e-05 3.26446e-05 -5.54147e-05 -0.000107175 -6.25137e-05 -0.000216678 1.20606e-10 1.33473e-05 -0.00011038 3.17439e-05 -2.19248e-05 1.47052e-05 5.03309e-06 1.05672e-05 -6.54942e-12 0.00303037 0.001306 -1.06374e-08 0.00108369 0.00368272 -0.00520031 0.000227468 7.44409e-09 -8.82101e-07 -1.21392e-10 -2.21549e-05 -0.00329228 -4.43829e-09 -7.47829e-09 -1.25485e-08 
