Casal2
Call: casal2 -e 
Date: Wed Jul 13 15:53:33 2022
Seed: 84413
Version: v22.06 (2022-06-30)
Copyright (c) 2017-2022, NIWA (www.niwa.co.nz)
Environment: User=marshc Machine=NIWA-1008960 OS=Windows_NT PID=8240


*estimate_value[summary]
values {dataframe}
catchability[CSacous].q catchability[WCacous].q catchability[CRsum].q catchability[SAsum].q catchability[SAaut].q observation[CRsumbio].process_error observation[SAsumbio].process_error parameter_transformation[log_sum_b0].log_total_parameter parameter_transformation[log_sum_b0].total_proportion_parameter process[recruit_E].ycs_values{1975} process[recruit_E].ycs_values{1976} process[recruit_E].ycs_values{1977} process[recruit_E].ycs_values{1978} process[recruit_E].ycs_values{1979} process[recruit_E].ycs_values{1980} process[recruit_E].ycs_values{1981} process[recruit_E].ycs_values{1982} process[recruit_E].ycs_values{1983} process[recruit_E].ycs_values{1984} process[recruit_E].ycs_values{1985} process[recruit_E].ycs_values{1986} process[recruit_E].ycs_values{1987} process[recruit_E].ycs_values{1988} process[recruit_E].ycs_values{1989} process[recruit_E].ycs_values{1990} process[recruit_E].ycs_values{1991} process[recruit_E].ycs_values{1992} process[recruit_E].ycs_values{1993} process[recruit_E].ycs_values{1994} process[recruit_E].ycs_values{1995} process[recruit_E].ycs_values{1996} process[recruit_E].ycs_values{1997} process[recruit_E].ycs_values{1998} process[recruit_E].ycs_values{1999} process[recruit_E].ycs_values{2000} process[recruit_E].ycs_values{2001} process[recruit_E].ycs_values{2002} process[recruit_E].ycs_values{2003} process[recruit_E].ycs_values{2004} process[recruit_E].ycs_values{2005} process[recruit_E].ycs_values{2006} process[recruit_E].ycs_values{2007} process[recruit_E].ycs_values{2008} process[recruit_E].ycs_values{2009} process[recruit_E].ycs_values{2010} process[recruit_E].ycs_values{2011} process[recruit_E].ycs_values{2012} process[recruit_E].ycs_values{2013} process[recruit_E].ycs_values{2014} process[recruit_W].ycs_values{1975} process[recruit_W].ycs_values{1976} process[recruit_W].ycs_values{1977} process[recruit_W].ycs_values{1978} process[recruit_W].ycs_values{1979} process[recruit_W].ycs_values{1980} process[recruit_W].ycs_values{1981} process[recruit_W].ycs_values{1982} process[recruit_W].ycs_values{1983} process[recruit_W].ycs_values{1984} process[recruit_W].ycs_values{1985} process[recruit_W].ycs_values{1986} process[recruit_W].ycs_values{1987} process[recruit_W].ycs_values{1988} process[recruit_W].ycs_values{1989} process[recruit_W].ycs_values{1990} process[recruit_W].ycs_values{1991} process[recruit_W].ycs_values{1992} process[recruit_W].ycs_values{1993} process[recruit_W].ycs_values{1994} process[recruit_W].ycs_values{1995} process[recruit_W].ycs_values{1996} process[recruit_W].ycs_values{1997} process[recruit_W].ycs_values{1998} process[recruit_W].ycs_values{1999} process[recruit_W].ycs_values{2000} process[recruit_W].ycs_values{2001} process[recruit_W].ycs_values{2002} process[recruit_W].ycs_values{2003} process[recruit_W].ycs_values{2004} process[recruit_W].ycs_values{2005} process[recruit_W].ycs_values{2006} process[recruit_W].ycs_values{2007} process[recruit_W].ycs_values{2008} process[recruit_W].ycs_values{2009} process[recruit_W].ycs_values{2010} process[recruit_W].ycs_values{2011} process[recruit_W].ycs_values{2012} process[recruit_W].ycs_values{2013} process[recruit_W].ycs_values{2014} selectivity[M_male].x0 selectivity[M_male].y0 selectivity[M_male].y1 selectivity[M_male].y2 selectivity[M_female].x0 selectivity[M_female].y0 selectivity[M_female].y1 selectivity[M_female].y2 selectivity[sel_Whome].v{1} selectivity[sel_Whome].v{2} selectivity[sel_Whome].v{3} selectivity[sel_Whome].v{4} selectivity[sel_Whome].v{5} selectivity[sel_Whome].v{6} selectivity[sel_Whome].v{7} selectivity[sel_Espmg_Male].v{1} selectivity[sel_Espmg_Male].v{2} selectivity[sel_Espmg_Male].v{3} selectivity[sel_Espmg_Male].v{4} selectivity[sel_Espmg_Male].v{5} selectivity[sel_Espmg_Male].v{6} selectivity[sel_Espmg_Male].v{7} selectivity[sel_Espmg_Male].v{8} selectivity[sel_Wspmg_Male].v{1} selectivity[sel_Wspmg_Male].v{2} selectivity[sel_Wspmg_Male].v{3} selectivity[sel_Wspmg_Male].v{4} selectivity[sel_Wspmg_Male].v{5} selectivity[sel_Wspmg_Male].v{6} selectivity[sel_Wspmg_Male].v{7} selectivity[sel_Wspmg_Male].v{8} selectivity[sel_Espmg_Female].v{1} selectivity[sel_Espmg_Female].v{2} selectivity[sel_Espmg_Female].v{3} selectivity[sel_Espmg_Female].v{4} selectivity[sel_Espmg_Female].v{5} selectivity[sel_Espmg_Female].v{6} selectivity[sel_Espmg_Female].v{7} selectivity[sel_Espmg_Female].v{8} selectivity[sel_Wspmg_Female].v{1} selectivity[sel_Wspmg_Female].v{2} selectivity[sel_Wspmg_Female].v{3} selectivity[sel_Wspmg_Female].v{4} selectivity[sel_Wspmg_Female].v{5} selectivity[sel_Wspmg_Female].v{6} selectivity[sel_Wspmg_Female].v{7} selectivity[sel_Wspmg_Female].v{8} selectivity[Enspsl].mu selectivity[Enspsl].sigma_l selectivity[Enspsl].sigma_r selectivity[Wnspsl].mu selectivity[Wnspsl].sigma_l selectivity[Wnspsl].sigma_r selectivity[Espsl].a50 selectivity[Espsl].ato95 time_varying[shifted_a50].a selectivity[CRsl].mu selectivity[CRsl].sigma_l selectivity[CRsl].sigma_r selectivity[SAsl].mu selectivity[SAsl].sigma_l selectivity[SAsl].sigma_r 
0.63048 0.663392 0.0823286 0.113664 0.0866629 0.112301 0.112699 13.9974 0.367282 0.30011 0.442097 0.498718 0.897998 0.69312 0.254438 0.340626 0.220879 0.376622 0.441285 0.374449 0.209871 1.0179 0.977629 0.444465 0.13384 0.428598 0.432887 0.401997 0.646971 0.280942 0.303287 0.520245 0.317298 0.06 0.539613 0.166327 0.307197 0.530867 0.59912 0.526875 0.685102 0.576979 0.420577 0.741861 0.116315 0.93492 0.329407 0.354005 2.00006 0.428976 0.715973 0.640328 0.632276 0.482054 0.536815 0.635638 0.524444 0.998903 0.90107 0.353115 0.163171 1.57926 0.911586 0.0851926 0.0793612 0.832678 1.25776 0.342253 0.966103 0.212057 0.190756 0.233922 0.172022 0.06 0.328704 0.0841296 0.773149 0.481088 0.512794 0.530474 0.71769 0.564126 0.610246 0.383404 0.114684 1.01934 0.324329 0.315052 2.00007 7.17812 0.184904 1.39829 1.49574 6.63899 0.0889777 1.67856 0.768268 0.114495 0.0355303 0.235995 0.437751 0.181732 0.725534 0.999996 0.00250903 0.124109 0.3959 0.622982 0.635408 0.725078 0.818654 0.571702 0.238595 0.740254 0.813329 0.728031 0.88165 0.725888 0.63196 0.553435 0.000376377 0.0614194 0.194888 0.362939 0.365617 0.468825 0.619069 0.6 0.133285 0.37817 0.240084 0.486392 0.550527 0.536691 0.682706 0.6 70.9131 10.6825 44 64 10.226 30.8426 44.8895 4 -0.0800943 64 17.3974 37.549 84 44 44 
*end

*covariance_matrix[mpd_covariance]
covariance_matrix {matrix}
0.00489987 0.00183362 5.36691e-05 0.000311101 0.000158401 -4.38098e-05 -3.26124e-05 -0.00165734 -0.000426239 0.000228391 -0.000824611 -0.000746599 -0.00113346 -0.00169441 7.38564e-05 -7.24772e-05 -0.000372528 -4.17009e-05 -0.000283931 0.000167347 0.000134414 0.000401716 0.000587175 0.000491836 7.77862e-05 0.000438714 0.000433467 0.000436836 0.0005973 0.000300153 0.000314282 0.000419747 0.0002604 3.91092e-14 0.000304785 0.000117011 4.85458e-06 0.000272392 0.000317772 0.000235301 0.000224201 0.000295829 -0.000434165 0.000203139 7.03768e-05 3.46688e-05 -0.000323197 0.0001242 -0.00122235 -0.0012908 -0.000250829 -0.00188336 -0.00135527 -0.000712388 0.000466638 -9.3904e-05 1.32796e-05 0.0011502 0.000555892 0.000112101 -0.000338425 0.00021456 0.000504565 3.06596e-05 -1.08188e-05 0.0004987 0.000569347 0.000328137 0.000871752 0.000163558 0.000114371 0.000329851 0.00022917 -2.58694e-15 0.000336749 6.3261e-05 0.00042074 0.000424825 0.000554397 0.000524195 0.000610945 0.000319223 0.000704225 0.000243446 2.73429e-05 -5.96409e-06 -5.28042e-05 -0.000458562 -0.00122374 0.00770252 -0.000339879 0.000631553 0.00604689 0.00555302 -0.000100718 0.00047037 -8.80681e-05 -0.000419466 0.000178436 -0.000500184 -0.000544745 -0.00115644 0.000662645 -3.84131e-06 -1.2415e-05 -0.000332357 -0.000967926 -0.00129175 -0.000423965 -0.00123046 0.00033712 -8.69843e-05 -0.00205003 -0.000609467 2.31085e-05 -0.000701321 -0.000142032 0.000261283 0.000266703 -0.000179696 -9.50461e-07 -0.000167288 -0.000440296 -0.000737276 -0.000376217 -0.000433231 -9.21355e-05 -1.25683e-10 -0.0010316 0.000265259 4.63597e-05 -0.000153325 0.000429378 -0.000112399 -0.000330927 6.70773e-12 0.024405 0.00940983 1.21559e-07 5.91241e-09 0.00512339 -0.00905348 -0.0208976 8.34079e-09 -0.000263833 -1.03018e-11 -0.00328536 0.187131 -6.60019e-07 -9.92569e-09 1.16432e-07 
0.00183362 0.011264 7.87091e-05 0.0011642 0.000623034 3.00527e-06 -7.57402e-05 -0.00359791 0.000646437 -0.000273304 -0.00218547 -0.00190121 -0.00332308 -0.0018606 -0.000638088 -0.000704332 -0.000630629 -0.000494 -0.000343906 -0.000285189 -0.0001235 -0.000330343 1.29209e-05 3.79763e-05 -3.06913e-05 0.000173169 1.52451e-05 0.000114677 0.000204994 9.5715e-05 8.63162e-05 7.19167e-05 0.000182525 2.94986e-14 0.000180413 7.29197e-05 0.000163763 0.000284966 0.000558737 0.000280969 0.000572691 0.000229074 0.00138028 0.000526808 -9.59875e-05 0.00114448 0.00015889 0.000146286 0.00123683 -0.00176288 -0.0038496 -0.000226165 -0.00189662 -0.00147055 0.000410321 -0.00113387 -0.000586627 -0.000702003 -0.000636803 -0.000178876 0.00012545 0.00058889 0.000433039 7.76859e-05 0.000152097 0.00123771 0.00283613 0.000776305 0.00245842 0.000537998 0.000494909 0.000714359 0.000284333 8.42093e-15 0.000426226 -3.28804e-05 0.000624119 0.000349803 0.00025474 0.000429821 0.000454894 0.000392869 -0.000754569 -0.000462529 7.32418e-05 -0.00123888 0.000502977 -0.000331252 0.00122892 0.0092931 -0.000403104 0.00104282 0.00174201 0.00729126 -0.000179951 0.00153118 -0.00158944 -0.000860754 0.000167571 -0.00173684 0.0001109 -0.00148306 -0.00385375 -1.36573e-06 -1.09703e-05 -0.000369816 -0.000871373 -0.000964458 -0.00116858 -0.000537908 -0.000554801 -0.000931079 -0.000799132 -0.00134293 0.000315169 -0.00210144 -0.0027661 0.00022755 -0.000775449 -0.000886121 -1.35427e-06 -0.000142087 -0.000364399 -0.000444013 -0.000235681 -0.000240996 0.000390516 -8.24019e-11 -0.000217828 -0.000198668 5.04097e-05 -0.00081797 -0.000297756 -0.000115669 -0.00220082 1.74089e-11 0.00977453 0.00212003 4.50133e-08 5.39224e-10 -0.000821257 0.0278966 -0.0065514 -4.35421e-09 6.64846e-05 1.38142e-10 -0.0102663 0.0528852 -2.36307e-07 3.19518e-09 4.30073e-08 
5.36691e-05 7.87091e-05 5.53589e-05 2.15106e-05 1.4589e-05 -8.54489e-07 -1.79149e-06 4.65441e-05 4.45316e-06 2.62392e-05 1.47977e-05 2.5933e-05 -3.21761e-05 -1.82172e-05 1.03274e-05 1.7404e-05 -9.08111e-06 1.94338e-05 -3.57009e-06 1.11362e-05 9.16385e-06 5.54443e-05 7.2128e-05 2.54992e-05 5.45875e-06 4.67557e-05 4.81805e-05 4.07529e-05 7.63692e-05 2.93718e-05 2.93783e-05 6.07314e-05 2.82187e-05 1.49086e-15 4.70983e-05 7.77272e-06 1.80533e-05 2.00696e-05 1.36954e-05 2.31198e-05 8.12504e-06 2.60809e-05 2.27355e-05 4.65874e-06 5.96056e-06 -4.45079e-06 -6.01106e-05 -1.15133e-05 -0.000191064 -5.37742e-05 -9.66956e-06 -2.41745e-05 -0.000146218 -1.12656e-05 8.35239e-05 3.50923e-05 -1.1117e-06 8.50052e-05 5.31392e-05 -1.11329e-06 -2.49375e-06 9.94369e-05 3.37265e-05 2.27069e-06 9.28418e-06 7.55645e-05 0.000143278 3.50176e-05 0.000151349 3.07431e-05 2.7744e-05 2.44583e-05 3.15551e-05 -7.29251e-17 3.3401e-05 1.3717e-05 7.25865e-05 4.65979e-05 5.6257e-05 4.12726e-05 7.81314e-05 3.25164e-05 3.01689e-05 2.86728e-05 2.22022e-06 4.28637e-05 3.37731e-05 -6.81605e-05 -0.00019203 -0.00247152 1.35949e-05 0.000165309 -0.00133665 -0.000792479 -3.7031e-05 0.000182372 -2.28723e-05 1.03e-05 6.41224e-05 7.54538e-05 6.49347e-06 -4.92588e-05 7.92543e-05 7.18138e-07 2.14644e-06 5.90002e-05 0.000153312 0.000163864 0.000143081 -6.63432e-05 -4.21321e-05 6.28095e-05 0.00040137 3.22626e-05 -3.00534e-05 9.12707e-05 0.00011703 4.65445e-05 6.77631e-05 4.34346e-05 2.17899e-07 2.67664e-05 6.83579e-05 7.96267e-05 6.40869e-05 4.74495e-05 0.000115776 3.9155e-11 0.000247628 -2.12704e-05 1.87821e-07 2.52008e-05 3.04494e-05 2.24033e-05 -1.51412e-05 -1.06752e-12 -0.00327916 -0.00105381 -2.33836e-08 -1.15487e-09 0.000843791 0.0020969 0.00305616 -1.42385e-09 4.86129e-05 5.72898e-13 -0.000762205 -0.0442363 1.22802e-07 2.37797e-09 -2.2459e-08 
0.000311101 0.0011642 2.15106e-05 0.000245117 0.000118435 -2.09957e-06 -2.06481e-05 -0.000574316 0.000104658 -0.000175685 -0.000345353 -0.000279858 -0.000662574 -0.000345524 -9.22464e-05 -0.000125103 -6.30504e-05 -7.80764e-05 -6.36067e-05 -3.25501e-05 -9.06247e-06 -2.13569e-05 3.99263e-05 2.11908e-05 3.66122e-07 4.60056e-05 2.02858e-05 4.23467e-05 7.13283e-05 3.09746e-05 3.29776e-05 3.94723e-05 4.68159e-05 3.26501e-15 6.20386e-05 1.80475e-05 5.03163e-05 7.30604e-05 0.00013987 7.55984e-05 0.000138199 0.000101339 0.000178422 0.000175093 2.53598e-08 0.00026522 2.98493e-05 -3.48154e-06 0.000345149 -0.000312506 -0.000516225 -0.00010256 -0.000249053 -0.000238992 0.000104447 -0.000189813 -0.000151911 -7.20371e-05 -0.000171302 -1.34379e-05 -3.97685e-06 -4.64461e-05 4.62203e-05 1.4707e-05 2.39803e-05 0.000209099 0.000481933 0.00012567 0.000407702 9.62149e-05 8.0833e-05 0.000120427 4.7676e-05 7.32051e-16 5.70288e-05 1.79161e-06 7.68733e-05 8.02148e-05 4.4171e-05 0.000111564 0.000124664 6.71149e-05 -2.60507e-05 -0.000101028 1.38551e-05 -0.000152086 5.53797e-05 -8.77592e-05 0.000339759 0.0013819 -4.80975e-05 -3.21964e-05 -0.000231676 0.00156611 -3.99252e-05 4.76752e-06 -0.00018869 -0.000149177 -6.14691e-06 -0.000272633 -5.73897e-05 -0.000137392 -0.000507662 4.47087e-08 -1.17841e-06 -5.20145e-05 -0.000143008 -0.000167811 -0.000212758 -8.81555e-05 -6.00177e-05 -5.74532e-05 9.24316e-06 -1.87085e-05 4.65192e-05 -0.000187412 -0.000320821 2.17637e-05 8.85979e-05 -4.86664e-06 -1.60159e-07 -2.04769e-05 -5.28929e-05 -5.94782e-05 -1.2374e-05 -4.46519e-05 8.35956e-05 -3.79294e-12 3.03334e-05 0.00010001 2.53664e-05 -6.76023e-05 3.5258e-05 1.28803e-05 -0.000268176 1.31097e-12 0.00143605 0.000573418 -1.29034e-09 -1.62271e-10 0.000652771 0.00565971 -0.000346833 -9.1635e-10 1.36153e-05 2.77018e-11 0.000177177 -0.00480548 7.40024e-09 7.5827e-10 -1.23192e-09 
0.000158401 0.000623034 1.4589e-05 0.000118435 0.000149935 -3.95132e-07 -4.71113e-06 -0.000291643 5.5225e-05 -9.46136e-05 -0.000187166 -0.000138989 -0.000369973 -0.000167438 -5.92709e-05 -7.57304e-05 -5.36029e-06 -5.1099e-05 -1.68512e-05 -2.00463e-05 6.32039e-06 5.42211e-06 5.47955e-05 9.3284e-06 3.73679e-06 3.61751e-05 1.31683e-05 2.25216e-05 3.58423e-05 1.78083e-05 1.66622e-05 2.25486e-05 2.36795e-05 3.82043e-15 4.00811e-05 1.00647e-05 2.78939e-05 4.62534e-05 6.99251e-05 4.222e-05 8.40445e-05 5.80303e-05 3.92062e-05 0.000106687 2.69594e-06 0.000147046 -9.37171e-06 -2.36273e-05 0.000146383 -0.000183766 -0.000311308 -4.03311e-05 -0.000178764 -0.00014628 9.82545e-05 -0.00011418 -0.000115508 1.55334e-05 -0.000130343 -1.26751e-06 -3.03404e-05 -0.000133102 -4.41921e-05 1.00118e-05 7.92397e-06 0.000102688 0.000321095 9.45687e-05 0.000289834 6.6095e-05 5.9683e-05 7.87834e-05 4.17284e-05 7.79019e-16 4.61624e-05 1.24743e-05 7.61002e-05 5.98067e-05 6.51378e-05 8.78846e-05 8.4386e-05 6.13786e-05 6.65804e-05 -3.16061e-05 1.35587e-05 -1.30124e-05 4.42635e-05 -9.73251e-05 0.000144237 0.000514493 -3.01791e-05 -1.4035e-06 -0.00023427 0.000758369 -2.45959e-05 3.76602e-06 -0.000112454 -8.45492e-05 1.3072e-05 -0.000144187 -5.99448e-05 3.4428e-05 -0.000279149 8.79365e-08 -3.56272e-07 -1.8666e-05 -5.66972e-05 -7.81238e-05 -9.8223e-05 -5.74619e-05 -3.1491e-05 -3.218e-05 3.57395e-05 -2.8067e-05 2.46663e-05 -4.8068e-05 -0.000176189 9.0679e-06 6.66462e-05 -2.13647e-05 -6.67174e-08 -7.50264e-06 -2.72783e-05 -1.82382e-05 6.55406e-06 -2.50644e-05 6.07286e-05 -3.79783e-13 4.01176e-05 3.86613e-05 1.30183e-05 -3.76682e-05 1.70938e-05 1.35967e-05 -0.000166367 3.9819e-13 0.000698515 0.000332445 -2.70901e-09 -2.07004e-10 0.000363586 0.00248552 -3.09619e-05 -7.57367e-10 2.42622e-05 1.50861e-11 0.000187287 -0.00591944 1.49674e-08 6.76098e-10 -2.59203e-09 
-4.38098e-05 3.00527e-06 -8.54489e-07 -2.09957e-06 -3.95132e-07 0.000233174 9.43987e-06 4.05207e-06 4.19043e-06 -2.45209e-05 -1.70827e-05 -1.29687e-05 1.51254e-05 -4.75676e-05 -3.40812e-05 -3.05584e-05 -1.39925e-05 -2.82047e-05 6.1459e-06 -4.18138e-06 -3.28564e-05 6.21449e-07 -2.05861e-05 -1.57662e-05 1.10715e-05 -3.21706e-05 3.34571e-06 7.83667e-07 -5.74356e-06 -8.82179e-06 3.70942e-06 -7.46173e-06 2.33711e-06 -9.12367e-16 4.19922e-06 4.6985e-06 1.67859e-05 6.49143e-06 3.16893e-05 4.94293e-05 5.06385e-05 -1.71052e-05 3.0736e-05 6.355e-05 4.98593e-06 4.24443e-05 3.15822e-05 5.73074e-06 -1.47134e-05 1.25922e-05 2.1808e-05 -1.31973e-05 1.09018e-06 -2.11712e-05 -4.331e-06 -7.64485e-06 -1.51014e-06 -6.85408e-05 -2.73307e-05 2.74043e-05 -2.53322e-06 3.33911e-05 -3.59434e-07 -3.27219e-06 -5.24971e-07 -2.86973e-05 3.82834e-05 7.26566e-06 -1.54009e-05 8.3668e-06 3.38351e-06 3.02072e-06 -3.13385e-06 8.57509e-16 1.69876e-06 7.75694e-07 -2.40989e-05 4.40707e-06 -6.2517e-06 -1.46376e-05 -5.45933e-05 3.53284e-07 1.04796e-05 -2.35946e-05 7.48634e-06 -3.90938e-05 9.09222e-06 8.26813e-06 -1.72385e-05 0.000141103 -4.51318e-07 1.46821e-05 3.42301e-06 8.73974e-05 7.95241e-07 2.10128e-05 6.11764e-06 6.21663e-06 -5.34715e-06 1.19147e-05 2.02793e-05 -8.88917e-05 6.32139e-06 -2.18024e-08 -2.23493e-07 -5.58851e-06 -1.99997e-05 -2.39552e-05 -8.96987e-06 -2.46351e-06 -3.11048e-06 -8.97632e-06 -7.38647e-06 7.19926e-06 1.56069e-06 -3.22595e-05 2.48251e-06 5.30639e-06 3.38942e-06 -9.60438e-08 -4.93555e-08 -2.41531e-06 -7.5995e-06 -1.28367e-05 -1.25906e-05 1.01316e-06 -1.04865e-05 8.6953e-13 -5.62569e-06 1.41741e-05 -4.17495e-06 -6.79216e-07 1.37916e-05 -2.00816e-06 -2.86638e-06 1.79914e-13 0.000217149 -4.04783e-05 6.26102e-10 4.00951e-11 5.95338e-05 -0.000116259 0.000211381 1.11829e-10 1.28942e-05 1.00492e-12 -0.000645893 0.000160421 -3.81584e-09 -5.19599e-11 5.94404e-10 
-3.26124e-05 -7.57402e-05 -1.79149e-06 -2.06481e-05 -4.71113e-06 9.43987e-06 0.00014544 4.32308e-05 -1.37562e-05 2.05471e-05 2.33236e-05 2.59472e-05 2.39641e-05 2.22732e-05 1.83501e-05 5.23922e-06 3.35538e-06 2.76033e-06 -2.33984e-06 -3.14437e-07 1.00304e-06 -9.75718e-06 -1.21936e-05 -3.62421e-06 -1.99385e-06 -8.46901e-06 -8.78724e-06 -7.13984e-06 -2.48394e-05 -1.07261e-05 -1.15299e-05 -2.07955e-05 -1.05127e-05 -1.06356e-15 -8.42737e-06 -1.13578e-06 1.99557e-06 -2.55713e-06 -1.01638e-06 2.9556e-06 -1.60523e-05 -6.07678e-06 -3.90863e-05 -2.72512e-05 3.49891e-06 -3.70867e-05 -1.66324e-06 -2.37171e-06 4.66326e-05 -2.03104e-05 -4.75154e-05 -2.92097e-05 -2.7874e-05 -2.0064e-05 -4.40134e-05 -5.61475e-05 -4.99159e-05 -8.03831e-05 -6.64741e-05 -2.71072e-05 -6.71501e-06 -7.13543e-05 -3.54612e-05 -1.09746e-06 -1.46003e-06 2.91894e-05 4.84761e-05 1.15527e-05 6.91174e-05 1.28224e-05 9.15819e-06 1.84564e-05 1.64683e-05 -4.04673e-16 4.95476e-06 1.38824e-06 -2.1507e-05 -2.14418e-05 -2.27819e-05 -2.72824e-05 1.2156e-05 1.85056e-05 5.58147e-05 5.97901e-05 7.23065e-06 0.000146994 2.24007e-05 1.1536e-06 2.56956e-05 -0.000120148 1.33935e-06 9.98131e-06 9.64216e-06 -6.73864e-05 -6.98003e-07 9.02919e-06 2.25303e-05 9.20511e-06 3.80797e-06 8.06705e-06 -4.65373e-05 9.0957e-05 2.17234e-06 1.58923e-08 3.53048e-07 7.07937e-06 1.89781e-05 2.21523e-05 7.43812e-06 1.67556e-05 -5.91153e-06 8.17729e-06 4.89475e-06 -5.5734e-06 -1.55148e-05 5.70479e-05 -1.13298e-05 9.04417e-06 -4.27781e-07 9.79219e-06 4.56753e-08 3.22745e-06 1.11196e-05 1.08934e-05 1.05509e-05 4.97728e-06 8.53676e-06 -1.21741e-12 3.54434e-06 -1.35234e-05 -1.18004e-06 1.06103e-05 -6.43447e-06 3.01461e-06 1.45953e-05 -2.25279e-13 -8.33935e-06 0.000168341 -4.25214e-10 -2.0711e-11 -0.000442258 5.57525e-05 6.80312e-06 -1.27134e-10 -9.1214e-06 -2.15109e-12 0.000194395 7.31025e-05 2.81663e-09 6.03787e-11 -4.02605e-10 
-0.00165734 -0.00359791 4.65441e-05 -0.000574316 -0.000291643 4.05207e-06 4.32308e-05 0.00269085 -0.000140729 0.000127199 0.00181801 0.00160844 0.00211184 0.00154921 0.000352519 0.00036749 0.000243598 0.000287791 0.000238213 8.43827e-05 2.29241e-05 9.26641e-05 -0.000133984 -0.000131643 -3.32167e-05 -0.000120655 -6.92861e-05 -0.000119986 -0.00020287 -9.71644e-05 -0.000104729 -0.000119424 -0.000115352 -1.324e-14 -6.60679e-05 -2.98713e-05 1.37907e-05 -8.96786e-05 -0.000262261 -7.1063e-05 -0.000213137 -7.0603e-05 -0.000132785 -0.000261446 6.09891e-05 -0.00049275 -8.30929e-05 -9.28213e-05 -0.00056647 0.00137628 0.00264591 0.000800264 0.00099653 0.000400734 0.000151681 0.000453286 4.63629e-05 -3.01559e-05 -0.000186712 -5.71656e-05 3.21683e-05 -0.000308901 -0.00040611 -3.8779e-05 -4.92456e-05 -0.000629774 -0.00130147 -0.000429087 -0.00111337 -0.000256085 -0.000221646 -0.000390032 -0.000161055 -1.1703e-15 -0.000253154 -5.92205e-07 -0.000223544 -0.00016428 -7.71902e-05 -0.000214144 -8.81793e-05 -2.80456e-05 0.000169559 0.000506751 1.26152e-05 0.00190699 5.95409e-05 -2.3631e-06 -0.000568681 -0.0115798 0.000278144 -0.000473565 -0.00532881 -0.00618332 -7.47804e-06 -0.000613243 0.000735111 0.000558153 -1.97538e-05 0.00127606 9.66824e-05 0.00109266 0.00215379 3.12568e-06 1.44737e-05 0.000438262 0.00115451 0.00133826 0.00105944 0.000708667 -0.000132112 0.000788206 0.00178688 0.00135667 -0.000364952 0.00183985 0.00177489 -4.79698e-06 0.000979749 0.000919217 1.66221e-06 0.000194999 0.000505077 0.000639358 0.000445568 0.000390284 0.00024182 1.53204e-10 0.000856269 0.000194938 -3.29035e-05 0.000455393 0.000169965 0.000236234 0.0012435 -1.47159e-11 -0.0155863 -0.00447678 -1.01519e-07 -4.05022e-09 0.00128226 0.00770237 0.0145531 -2.81278e-09 9.89971e-05 -4.58808e-11 0.00757797 -0.16472 5.36552e-07 5.65122e-09 -9.7331e-08 
-0.000426239 0.000646437 4.45316e-06 0.000104658 5.5225e-05 4.19043e-06 -1.37562e-05 -0.000140729 0.00028325 0.000202194 0.000144666 0.000133278 -9.97608e-05 0.000127593 -6.26924e-05 -3.21134e-05 -3.13989e-05 -8.47236e-05 -8.02214e-05 -0.000106043 -6.24608e-05 -0.000310945 -0.000290202 -0.000185932 -4.95436e-05 -0.000139419 -0.000186851 -0.000157834 -0.000242469 -0.000116156 -0.000128385 -0.000205124 -0.000105417 -9.64519e-15 -0.000131675 -4.31402e-05 3.38007e-06 -7.31683e-05 -1.53977e-05 -4.87204e-05 3.82706e-05 3.94916e-06 0.000296263 0.00012936 -3.44838e-06 0.000448215 5.88639e-06 -1.40028e-05 0.000585226 9.92175e-06 -0.000894368 0.000480761 -9.96042e-06 0.000136999 -0.00022041 2.11172e-05 1.30374e-05 -0.000255164 6.12568e-05 -8.05511e-05 9.63911e-05 -6.33433e-05 -1.80211e-05 1.28162e-06 2.51381e-05 9.95703e-05 0.000414192 4.12833e-05 0.000239371 5.25289e-05 5.00429e-05 2.64607e-05 8.97331e-06 5.79243e-16 -1.56496e-05 3.91093e-06 2.84861e-05 -1.2565e-05 -0.000117885 -4.43396e-05 -0.000121951 -9.7064e-05 -0.000304963 -0.000286269 -7.53296e-06 -0.000713581 4.12906e-05 0.00013485 0.000586308 -0.00149081 1.68321e-05 0.00026694 -0.00127705 -0.000880983 -3.43497e-06 0.000374525 -0.000219908 -1.98201e-05 -2.85857e-06 -0.000121364 0.000197692 0.000196195 -0.0008174 8.98074e-07 2.10684e-06 4.15651e-05 0.000131269 0.000249239 -1.37122e-05 0.000267836 -0.000215758 -0.000110238 0.000453194 -0.000112627 7.23699e-05 -0.000198053 -0.000483861 -0.000197107 -0.000324094 -0.000162366 1.6901e-07 2.44011e-05 7.3056e-05 0.000151371 7.26636e-05 0.000115714 0.000116586 2.08648e-11 0.000266521 -0.000176884 -4.60906e-06 -5.35557e-05 -0.000249793 -2.35143e-05 -0.000273528 1.3348e-12 -0.00633558 -0.00294055 -2.77442e-08 -1.69094e-09 -0.000991252 0.00504676 0.00482015 -3.21159e-09 9.23074e-05 3.10417e-11 -0.00214168 -0.0437103 1.54335e-07 3.47682e-09 -2.66035e-08 
0.000228391 -0.000273304 2.62392e-05 -0.000175685 -9.46136e-05 -2.45209e-05 2.05471e-05 0.000127199 0.000202194 0.0122844 0.00551466 -0.000471711 0.000930954 0.00068173 0.000401732 0.000109481 8.84778e-05 0.000386024 0.000191732 0.00019864 1.69499e-07 0.000267281 0.000200749 8.41555e-05 4.21247e-05 6.67526e-05 0.000110878 0.000131482 0.000175796 9.86659e-05 6.08801e-05 0.000147509 4.60513e-05 -1.01435e-14 0.000149218 3.81602e-05 -8.75161e-06 0.000153315 -1.9907e-06 9.63089e-05 -0.000119256 0.000217992 0.000160686 0.000273267 7.96723e-05 0.000277998 -0.000850358 0.00046614 0.000846114 0.00128475 -0.00250305 -0.00119965 -0.00293766 -9.94022e-05 -0.00122345 0.00336311 0.000807223 0.000168806 0.000342524 -3.19624e-05 5.16976e-05 -0.000199003 6.36563e-05 5.90172e-06 -3.45056e-06 5.09684e-06 -0.000584273 -0.000135875 -0.000429835 -0.000200659 -7.63377e-05 -0.000140245 -3.14607e-06 -8.15913e-17 -9.13919e-05 1.58359e-05 -0.000222682 -0.000227909 1.64216e-05 -0.000284147 -0.000185499 -0.000278493 -0.000213977 4.98128e-05 -5.4067e-05 -0.000105726 0.000790502 0.00140568 0.000845006 -0.00714233 0.000141493 0.000848347 -0.000107712 -0.0061332 3.42779e-05 0.00122891 0.00202538 5.88114e-05 0.000198031 0.0003216 -0.000407074 0.00208662 -0.00179431 1.32414e-06 2.19462e-06 6.64409e-05 0.000211941 -0.000408568 0.000246708 0.000322649 0.000172886 -1.04367e-05 0.000731612 0.000346086 -0.000758883 0.000414237 -0.00177362 0.000209604 -0.000760039 -0.000110697 4.7481e-07 3.00882e-05 5.24301e-05 -0.000260261 -9.01251e-05 -0.00157956 0.000135393 -2.87897e-11 0.000104744 -7.10949e-05 -0.000284231 0.00109095 -0.00233935 -0.00133104 0.000856049 -2.41575e-13 0.00223267 0.00142909 -3.70275e-08 -2.71841e-09 -0.0110872 -0.036319 0.00540928 -8.00112e-09 -2.46059e-05 -4.76923e-12 -0.00412641 -0.0357258 2.31161e-07 5.75453e-09 -3.53802e-08 
-0.000824611 -0.00218547 1.47977e-05 -0.000345353 -0.000187166 -1.70827e-05 2.33236e-05 0.00181801 0.000144666 0.00551466 0.0187323 0.00868029 -0.00456583 0.0040147 0.00110586 0.000884055 0.000554704 0.00118436 0.00093226 0.000839369 0.000212041 0.00178964 0.00143216 0.000525483 0.000240512 0.000553105 0.000581561 0.000667296 0.000835097 0.000455364 0.000440579 0.000777902 0.000406306 -2.07363e-14 0.000857081 0.000204221 0.000421359 0.000704734 0.000626228 0.000658242 0.000662249 0.000775204 0.000164029 0.000775968 0.000221996 -0.000396814 -0.00215743 0.000661504 -0.00267361 0.00563655 0.00414347 0.00395687 -0.00213827 -0.00423714 -0.00212221 0.00276295 0.00153379 -4.64288e-07 5.66771e-05 -0.000371486 9.91752e-05 -0.000426203 3.41287e-05 -0.000131164 8.12514e-05 -0.00035586 -1.46515e-05 -0.000347159 -0.000220106 -0.000142444 -5.09951e-05 -0.000155807 -1.0911e-05 -6.85124e-16 -0.000121883 5.58613e-05 -1.88991e-05 -9.22499e-05 6.23e-05 -7.08152e-05 3.05259e-05 -0.000210719 0.000176217 0.000144154 -4.37725e-05 0.00184476 0.00183419 0.000516215 -0.00267253 -0.00216402 3.8856e-06 -0.000900547 -0.00274396 -0.00526768 6.36388e-05 -0.000892092 0.00228187 0.000432308 -0.000223813 0.000415106 0.00152027 -0.00106668 0.00189225 1.75978e-06 9.60881e-06 0.000303151 0.000798915 0.000816339 6.64078e-05 0.00150222 -0.000535107 -0.000242195 0.00124632 0.000336646 0.000314139 0.000288925 0.00183816 -0.00113764 -0.000731441 -0.000233271 1.71227e-06 0.000128035 0.000398184 8.70495e-05 0.000271458 -4.48663e-05 -0.000323426 9.05167e-11 -7.2126e-05 0.000232418 0.000204911 -0.000258672 0.000448481 0.000292028 0.00162355 -1.65845e-12 -0.00980347 -0.00226203 -5.59471e-08 -7.70783e-10 0.0129556 0.00817187 0.00834808 4.78892e-09 8.07617e-05 -2.08683e-11 0.0109349 -0.0600374 3.03011e-07 -2.78764e-09 -5.37017e-08 
-0.000746599 -0.00190121 2.5933e-05 -0.000279858 -0.000138989 -1.29687e-05 2.59472e-05 0.00160844 0.000133278 -0.000471711 0.00868029 0.0162545 0.00416202 -0.00116046 0.00183743 0.00116103 0.00047195 0.00120907 0.00103168 0.000879617 0.000336805 0.00196677 0.00160278 0.000643994 0.000227379 0.000577161 0.000711269 0.000712436 0.00103998 0.000513734 0.000523256 0.00087823 0.000494974 -6.53789e-15 0.000977334 0.000214953 0.00050041 0.000755063 0.000829783 0.000731747 0.000876304 0.000760966 0.000266289 0.000936002 0.000210108 -0.000297167 -0.000834599 -0.000160091 0.000659736 0.00218518 -0.000852493 0.00223517 0.000597223 0.00498138 -0.00309893 -0.00117711 0.00149869 0.000914891 0.000312109 -2.32085e-05 -0.00015071 0.000269275 -0.000126887 -9.80185e-05 4.25938e-05 0.000287744 0.000370341 -0.000149349 -1.46296e-05 -3.17313e-05 2.42081e-05 3.49552e-05 8.81834e-05 -5.78748e-16 2.49788e-05 0.00012276 0.000214271 0.000148719 9.91392e-05 7.48571e-06 0.000297428 7.08835e-05 0.000256011 0.000159015 4.68977e-06 0.00217078 0.000252734 0.000224369 0.000664549 -0.006173 -9.92237e-06 0.000543236 -0.00240607 -0.00327536 4.69525e-05 -0.000186907 0.00075474 0.000200972 0.000149712 0.000223137 0.000502011 0.00218752 -2.00909e-05 2.7595e-06 8.99186e-06 0.000321186 0.000943233 0.00146446 -0.000447204 0.000946112 -0.000224572 -0.000250678 0.00133983 0.000156303 -0.000206021 0.000660857 -0.000335194 -0.00089615 -0.00190542 -0.000147428 1.12787e-06 0.000103364 0.000374662 0.000198184 9.00002e-05 0.00121075 -0.00115202 2.57718e-11 0.000414119 0.000716563 0.0001385 -0.000585366 0.000908771 0.00125195 0.00150796 -2.29242e-12 -0.00950103 -0.00332759 -8.23307e-08 -3.36984e-09 -0.00984335 -0.039307 0.00981261 -4.28547e-09 6.93095e-05 -5.68237e-11 0.000709027 -0.0793384 4.78775e-07 2.96548e-09 -7.86734e-08 
-0.00113346 -0.00332308 -3.21761e-05 -0.000662574 -0.000369973 1.51254e-05 2.39641e-05 0.00211184 -9.97608e-05 0.000930954 -0.00456583 0.00416202 0.0426202 -0.00332858 0.0017132 0.00343396 0.000541904 0.00246018 0.00243923 0.00195826 0.00102773 0.00455098 0.00393446 0.00175479 0.000399354 0.00155863 0.00161703 0.00151685 0.00259047 0.00102805 0.00120887 0.00196448 0.00125741 1.01734e-13 0.00218621 0.000597423 0.00111982 0.00186975 0.00213494 0.00190994 0.00197242 0.00182679 0.00095069 0.00229871 0.000392134 0.00148213 0.00145834 -0.00148807 0.00264865 0.0103056 0.00833043 0.00519536 -7.05061e-05 0.001802 0.00509234 -0.00767767 -0.00400763 0.00184874 -0.00111923 2.75841e-05 -0.00104612 -0.00169565 -0.00113085 1.20619e-05 -0.000291684 -0.000611393 -0.00153954 -0.00042476 -0.00174863 -0.000308371 -0.000412786 -0.00032656 -0.000292796 -6.68685e-15 -0.000427169 -1.73981e-05 -0.000578195 -0.000278927 -0.000549272 -0.000827473 -0.000350249 -0.000486623 -0.000274845 -3.51438e-05 -0.000253027 0.000998383 -0.00377356 -0.00142522 0.00265466 -0.00339405 7.73972e-05 7.73981e-05 -0.00274424 -0.012765 0.000309692 0.000376435 0.000809256 0.00015233 0.000650508 0.000649356 0.00118315 0.000822346 -0.00241762 9.41986e-07 7.11073e-06 0.000264684 0.000881785 0.000688657 0.000713795 0.00233813 -0.000234654 -0.000669096 0.00161953 -0.000169805 -0.000714806 -0.000407686 -0.000856283 -7.04824e-05 -0.0002367 -0.000132091 7.32592e-07 0.000125377 0.000269467 0.000113728 -0.000311212 -0.000856535 -0.000293 4.98766e-11 -0.000575439 0.000266868 -0.000271222 0.000694556 -0.00223173 -0.00107158 0.00117921 -2.52522e-12 -0.0141184 -0.00505186 -3.19595e-08 -2.00571e-09 -0.0169128 -0.0262373 0.00385582 -9.29125e-09 -0.000100107 3.61049e-11 -0.000407492 -0.0821829 1.59683e-07 1.03001e-08 -3.07878e-08 
-0.00169441 -0.0018606 -1.82172e-05 -0.000345524 -0.000167438 -4.75676e-05 2.22732e-05 0.00154921 0.000127593 0.00068173 0.0040147 -0.00116046 -0.00332858 0.0292815 -0.0029883 0.00355144 0.000208708 0.0028607 0.00201717 0.00190325 0.000672398 0.00423494 0.00360376 0.00138252 0.000497621 0.00128958 0.00133457 0.00130509 0.00191437 0.000927684 0.000895894 0.00171914 0.000976451 3.32312e-14 0.00180149 0.00042097 0.000933201 0.00154946 0.00146054 0.00136984 0.00201641 0.00170555 0.00070465 0.00168874 0.000472618 0.000886098 -0.00172897 0.000660805 0.0014588 0.00432633 0.000847583 0.00319765 -0.00252142 3.97985e-05 -0.00160461 0.00333868 0.00278391 0.000881216 -0.000147135 -0.00140737 0.000753764 -0.000326889 0.000269499 -3.81759e-05 -2.5955e-05 0.000318261 0.000534567 -0.000217437 0.000126755 -0.000123434 0.000122724 -0.000150079 7.10222e-05 -1.67372e-15 -5.59382e-05 0.000255347 0.000317942 7.02391e-05 0.000474503 0.000228074 0.000155298 8.29036e-05 0.000602024 0.00053958 -6.54653e-05 0.00338142 0.001278 0.000703647 0.00146015 -0.00796821 0.000271676 -0.000208648 -0.00428917 -0.00642716 7.94752e-05 9.49842e-05 0.00148633 0.000173481 6.7867e-05 0.000445082 0.000636806 0.00220191 -0.0004268 4.17981e-06 1.16349e-05 0.000385403 0.000702716 0.00161212 0.000301736 0.00156695 -0.000406987 -0.000833295 0.00231302 0.000828023 -3.86749e-05 0.000600177 -0.000495934 -0.00119875 -0.00198532 -0.000125548 1.85992e-06 0.000178477 0.000560587 0.000707132 0.000473317 0.000399126 -0.00071639 6.32771e-11 0.000477768 0.00102703 -6.69782e-05 -0.000288527 0.000200244 0.000314792 0.00149503 -3.33969e-12 -0.00892842 -0.00216997 -1.26408e-07 -5.11715e-09 0.00462929 -0.0259256 0.0156296 -6.79577e-09 0.000135768 -1.82857e-11 0.0041826 -0.141639 7.23558e-07 5.69745e-09 -1.20917e-07 
7.38564e-05 -0.000638088 1.03274e-05 -9.22464e-05 -5.92709e-05 -3.40812e-05 1.83501e-05 0.000352519 -6.26924e-05 0.000401732 0.00110586 0.00183743 0.0017132 -0.0029883 0.00751114 -0.000857763 0.00046985 0.000492334 0.000761859 0.000521851 0.000370352 0.00144918 0.00122236 0.000623877 0.000126915 0.000564427 0.000538432 0.000523911 0.000839137 0.000361837 0.00040492 0.000663699 0.000393595 5.32289e-14 0.000655758 0.000186726 0.000279316 0.000516522 0.000657147 0.000502492 0.000827059 0.00061444 -9.21041e-05 0.000304739 0.000103182 0.000631063 9.63474e-05 -0.000252546 0.000844768 0.00181362 0.000924162 0.00103571 -0.000153036 0.000815356 0.000499996 -0.000834627 -0.000445644 0.000364317 -0.000352856 -4.32359e-05 0.000432589 -0.00106586 -4.02519e-05 2.67526e-05 -0.000102603 5.37764e-06 -0.000117316 -4.92683e-06 -0.000138801 -3.25109e-05 -4.36847e-05 4.44566e-06 1.19001e-05 -3.50269e-15 -3.45514e-05 -7.24142e-06 1.00253e-05 2.9716e-05 -5.05695e-05 2.17497e-05 -7.03191e-05 -5.69412e-05 0.000280671 0.000214195 8.55172e-06 -1.46811e-05 -0.000450143 -0.000211898 0.000848613 -0.000513318 9.02709e-05 -0.000337385 -0.000825031 -0.00112265 2.85828e-06 0.000143899 8.65889e-05 6.12612e-06 0.000123651 8.41534e-05 0.000311715 0.00026474 -0.000649411 6.30614e-07 1.51692e-06 2.1009e-05 -0.000149828 0.000339637 0.000128536 0.000468007 -0.000140205 -0.000279775 0.000507465 -7.22046e-05 -0.000121368 -1.33862e-05 -0.000307508 -2.43926e-05 -0.000480596 8.55389e-05 3.58228e-07 2.88668e-05 6.59081e-05 0.000442742 0.000126696 5.7726e-06 -0.00013201 9.23505e-12 -5.35685e-05 0.000145797 -2.51073e-05 0.000134092 -0.000199107 -5.33222e-05 0.000263336 5.17777e-13 -0.00247287 -0.00120535 -1.93923e-08 -7.89503e-10 -0.00410506 1.31517e-05 0.00213006 -2.32637e-09 -0.000112036 -7.56148e-12 0.000727349 -0.0268412 1.08631e-07 2.17686e-09 -1.85695e-08 
-7.24772e-05 -0.000704332 1.7404e-05 -0.000125103 -7.57304e-05 -3.05584e-05 5.23922e-06 0.00036749 -3.21134e-05 0.000109481 0.000884055 0.00116103 0.00343396 0.00355144 -0.000857763 0.00604437 0.000296339 0.000563891 0.00135828 0.000685796 0.00065397 0.00197834 0.00194727 0.000772846 0.000214694 0.000802563 0.000703547 0.000801736 0.0011292 0.000539132 0.000564111 0.00097937 0.00057151 -1.25571e-14 0.00099494 0.000296425 0.000463456 0.000856256 0.000873531 0.000769515 0.000938647 0.000695533 -2.22438e-05 0.00078284 4.48459e-05 0.000757053 0.000249325 5.30966e-05 0.000590294 0.0022395 0.000579572 0.00115447 -0.00120626 0.00049949 -0.000128045 -0.000492229 -0.000227018 -4.70941e-05 0.000872487 0.0010442 0.000220681 -0.000331686 0.000371162 -3.91472e-05 0.000176142 -9.2582e-05 0.000361644 -0.000209027 0.000159857 -1.8013e-05 1.79991e-05 -8.97275e-06 6.27427e-05 -6.45312e-15 8.85609e-05 -3.00642e-05 0.000262067 0.000124092 0.000188353 0.000116199 0.000136753 0.000187978 0.000534199 0.000305959 0.000193472 -0.000589245 7.42591e-05 6.19133e-07 0.000591695 -0.00147158 5.78235e-06 3.43708e-05 -0.0016563 -0.00153736 3.37033e-05 -0.000173494 0.000360287 6.51768e-06 0.000165034 -2.99373e-05 0.000175081 0.000764741 -0.000351902 1.31916e-06 3.70875e-06 0.000120553 0.000390513 0.000300507 0.000122343 0.000510598 -0.000123411 3.91634e-05 0.000848105 5.2052e-05 -1.53268e-05 0.000179234 -0.000178974 -0.000373834 -0.000729291 -0.000234159 2.5348e-07 4.74064e-05 0.000100853 2.35771e-05 0.000112853 1.99788e-05 -0.000211963 2.24597e-11 5.01141e-05 0.000417099 2.87946e-05 0.00010624 -4.5667e-05 6.06361e-05 0.000480619 -9.59742e-13 -0.00358725 -0.00075641 -4.02005e-08 -1.50696e-09 0.00274704 -0.0102897 0.00405728 -2.72619e-09 8.52697e-05 -1.2007e-11 0.00155458 -0.04956 2.28031e-07 2.41444e-09 -3.8446e-08 
-0.000372528 -0.000630629 -9.08111e-06 -6.30504e-05 -5.36029e-06 -1.39925e-05 3.35538e-06 0.000243598 -3.13989e-05 8.84778e-05 0.000554704 0.00047195 0.000541904 0.000208708 0.00046985 0.000296339 0.00308433 2.93421e-05 0.000678749 0.000616458 0.000325445 0.00146252 0.00144796 0.000484747 0.000248468 0.000469564 0.000516095 0.00051051 0.000758496 0.000354533 0.000344418 0.000660846 0.000364475 3.1802e-14 0.00067326 0.000196953 0.000356126 0.000626475 0.000626214 0.000538809 0.000841082 0.000480896 0.00107845 0.000591891 0.000222721 0.000523596 -0.000246286 3.51444e-05 0.000398459 0.00136759 0.000575613 0.00085679 -0.000525176 0.000343917 0.000281807 9.28611e-05 0.000344103 0.000761676 -4.52388e-05 -0.000667898 -0.000214309 -0.00012664 9.82493e-06 3.07414e-06 -7.26505e-05 7.9789e-05 0.000147722 -8.62631e-05 9.83407e-05 -2.93321e-05 4.04924e-05 -5.30919e-05 5.38535e-05 -5.20746e-15 3.52703e-05 -7.01747e-06 0.000153709 5.65515e-05 0.000160102 0.000122178 -3.02889e-05 0.000275755 -0.000448116 0.000334699 -2.08714e-05 0.0006395 -0.000222993 -3.87289e-06 0.000397597 -0.000670472 5.02725e-05 1.71286e-05 -0.000841815 -0.000888189 -5.915e-06 0.0002771 0.000169958 -2.81796e-05 8.37719e-05 4.00111e-05 -3.06975e-05 0.000534674 -3.36997e-06 7.13945e-07 8.43848e-07 4.871e-05 0.000175853 0.000248069 1.32103e-05 0.000224882 -2.74262e-05 -0.000252406 0.000469764 0.000176601 2.29868e-05 0.000143989 -0.000104555 -0.000324771 -0.000324311 -4.46096e-05 2.1367e-07 3.47914e-05 0.00014586 6.85337e-05 -1.69692e-06 -5.30738e-05 -0.000172921 1.2239e-11 1.26741e-05 0.000342179 -4.16868e-05 3.35177e-05 -6.01252e-05 -6.3605e-05 0.000251146 -1.18726e-12 -0.00125438 -0.000374662 -2.16491e-08 -8.27878e-10 0.00139119 -0.0120283 0.00216202 -1.37109e-09 5.14237e-05 9.39237e-13 -0.000727463 -0.0270744 1.23645e-07 1.1842e-09 -2.07035e-08 
-4.17009e-05 -0.000494 1.94338e-05 -7.80764e-05 -5.1099e-05 -2.82047e-05 2.76033e-06 0.000287791 -8.47236e-05 0.000386024 0.00118436 0.00120907 0.00246018 0.0028607 0.000492334 0.000563891 2.93421e-05 0.00491442 2.60761e-05 0.00131224 0.000530502 0.00251961 0.00255676 0.000980848 0.000422694 0.0009114 0.0011253 0.000967384 0.00153322 0.000700389 0.000701911 0.00130069 0.000715 2.65586e-14 0.00130262 0.000353985 0.000646957 0.00118795 0.00114811 0.00111989 0.00139629 0.00113475 0.000354179 0.00133468 0.000211012 0.00120982 9.95965e-06 -7.34275e-05 0.000598937 0.00230097 0.000215595 0.00101938 -0.00149369 0.000709685 -4.36006e-06 -3.58492e-05 -2.6719e-05 -0.000156981 2.94322e-05 0.00038975 0.000278673 0.000560849 0.000164126 4.54102e-05 2.48829e-05 0.000304856 -0.000122817 -2.71996e-05 9.57217e-05 -5.7171e-05 5.97386e-05 -9.15012e-05 0.000108886 -3.39248e-15 3.98787e-05 6.22046e-05 0.000211793 4.56643e-05 0.000361175 5.11331e-05 0.000179021 0.000121104 0.00047603 0.000184406 6.8334e-05 0.000254561 6.68343e-05 -0.000137022 0.000599858 -0.00162322 1.50489e-05 0.000420325 -0.00145208 -0.0010459 -2.16407e-05 0.000594982 0.000457135 -8.9456e-05 0.000155739 7.54602e-05 0.000145242 0.000597081 0.000391774 1.30645e-06 1.17304e-06 6.03396e-05 0.000180255 8.36797e-05 0.000106327 0.000377793 -0.00014809 -3.23846e-05 0.000851958 0.000481612 -2.59026e-05 0.000323885 -6.24129e-05 -0.000561937 -0.000765373 -9.50829e-05 6.82808e-08 3.48116e-05 6.90039e-05 0.000188336 0.000132506 2.57122e-05 -0.000252002 2.8685e-11 1.96661e-05 0.000743737 -4.68729e-05 0.000155857 2.90632e-05 -4.81778e-05 0.000547636 -1.29483e-12 -0.0018116 -0.00100258 -3.96427e-08 -1.54068e-09 0.00263481 -0.0166092 0.00323701 -1.33885e-09 4.28736e-05 -1.16511e-11 -0.00325986 -0.0487952 2.26327e-07 1.30749e-09 -3.79524e-08 
